File: dup_file_cnt.d
1 40126
2 27620
3 7689
4 2680
5 1528
6 890
7 566
8 389
9 257
10 175
11 144
12 125
13 106
14 90
15 81
16 61
17 63
18 47
19 38
20 29
21 31
22 21
23 16
24 22
25 18
26 11
27 19
28 11
29 7
30 11
31 16
32 11
33 10
34 4
35 2
36 8
37 9
38 5
39 5
40 8
41 2
42 4
43 6
44 4
45 6
46 1
47 2
48 3
50 2
51 1
52 2
53 1
54 2
55 1
56 3
58 2
59 1
60 2
61 1
62 1
64 1
67 1
69 3
70 1
73 2
76 1
80 1
82 1
83 2
85 1
86 1
87 2
93 2
98 2
99 2
100 2
101 1
104 1
110 1
127 1
132 1
136 1
137 1
138 1
141 1
147 1
150 1
179 1
254 1
286 1
341 1
349 1
End File
File: dup_file_line_cnt.d
1 273762
2 336219
3 70930
4 21643
5 12237
6 6264
7 3572
8 2336
9 1562
10 1047
11 887
12 901
13 728
14 545
15 470
16 321
17 315
18 320
19 176
20 126
21 191
22 88
23 69
24 126
25 132
26 48
27 106
28 76
29 31
30 94
31 159
32 114
33 64
34 16
35 8
36 39
37 66
38 47
39 24
40 40
41 10
42 29
43 27
44 17
45 27
46 4
47 8
48 12
50 8
51 4
52 10
53 4
54 8
55 4
56 14
58 9
59 6
60 8
61 4
62 5
64 4
67 4
69 14
70 4
73 8
76 4
80 5
82 4
83 8
85 4
86 5
87 8
93 8
98 8
99 8
100 8
101 4
104 4
110 4
127 4
132 4
136 4
137 4
138 4
141 4
147 4
150 4
179 4
254 4
286 4
341 4
349 4
End File
File: big_dup_file_cnt.d
1 9464
2 9867
3 2369
4 646
5 416
6 210
7 107
8 67
9 39
10 20
11 20
12 24
13 16
14 6
15 14
16 6
17 3
18 5
19 2
21 4
24 3
25 7
27 1
28 3
30 4
31 7
32 5
33 3
37 2
38 2
40 1
42 1
End File
File: big_dup_file_line_cnt.d
1 123396
2 248217
3 44892
4 11801
5 6883
6 3055
7 1427
8 832
9 514
10 332
11 307
12 427
13 297
14 143
15 164
16 64
17 42
18 122
19 16
21 68
24 45
25 84
27 23
28 39
30 62
31 118
32 88
33 34
37 34
38 35
40 8
42 16
End File
