 char ,, 1.8 ,, 0.4 ,, 0.1 ,, 0.0 ,, 0.7 ,, 3.1
 signedchar ,, 0.0 ,, 0.0 ,, 0.0 ,, 0.0 ,, 0.0 ,, 0.1
 unsignedchar ,, 2.0 ,, 1.2 ,, 0.0 ,, 0.1 ,, 4.6 ,, 7.9
 short ,, 0.7 ,, 0.3 ,, 0.0 ,, 0.0 ,, 0.4 ,, 1.4
 unsignedshort ,, 2.3 ,, 0.8 ,, 0.1 ,, 0.1 ,, 3.2 ,, 6.5
 int ,, 28.4 ,, 10.6 ,, 4.2 ,, 0.1 ,, 6.4 ,, 49.7
 unsignedint ,, 5.6 ,, 3.6 ,, 0.3 ,, 0.1 ,, 4.2 ,, 13.8
 long ,, 3.0 ,, 1.2 ,, 0.1 ,, 0.1 ,, 0.8 ,, 5.1
 unsignedlong ,, 4.8 ,, 1.9 ,, 0.2 ,, 0.1 ,, 2.1 ,, 9.1
 enum ,, 0.9 ,, 0.9 ,, 0.4 ,, 0.4 ,, 0.8 ,, 3.3
 Total ,, 49.6 ,, 20.8 ,, 5.4 ,, 0.9 ,, 23.2
