  ; ,, 92.2 ,, 36.0 ,,  #ELSE ,, 89.1 ,, 0.2
  COMMENT ,, 97.9 ,, 8.4 ,,  INT ,, 5.3 ,, 0.2
  ) ,, 20.6 ,, 8.3 ,,  || ,, 23.7 ,, 0.2
  { ,, 86.7 ,, 8.1 ,,  | ,, 12.3 ,, 0.1
  } ,, 78.9 ,, 7.4 ,,  + ,, 3.8 ,, 0.1
  , ,, 13.9 ,, 6.1 ,,  ?: ,, 7.3 ,, 0.0
  : ,, 74.3 ,, 1.7 ,,  ? ,, 7.1 ,, 0.0
  HEADER ,, 97.7 ,, 1.5 ,,  DO ,, 21.3 ,, 0.0
  CPP_COMMENT ,, 100.0 ,, 0.9 ,,  #ERROR ,, 25.1 ,, 0.0
  #ENDIF ,, 81.9 ,, 0.8 ,,  :b ,, 7.2 ,, 0.0
  ELSE ,, 42.2 ,, 0.7 ,,  DOUBLE ,, 3.1 ,, 0.0
  STRING ,, 8.0 ,, 0.4 ,,  ^ ,, 3.1 ,, 0.0
  VOID ,, 18.2 ,, 0.4 ,,  UNION ,, 6.2 ,, 0.0
  && ,, 17.8 ,, 0.2 ,,   ,,  ,, 
