inc_depth 1
inc_depth 1
inc_depth 1
inc_depth 1
inc_depth 1
inc_depth 1
inc_depth 2
inc_depth 1
inc_depth 4
inc_depth 2
inc_depth 2
inc_depth 2
inc_depth 3
inc_depth 4
inc_depth 2
inc_depth 3
inc_depth 2
inc_depth 3
inc_depth 2
inc_depth 4
inc_depth 3
inc_depth 3
inc_depth 2
inc_depth 2
inc_depth 7
inc_depth 2
inc_depth 2
inc_depth 2
inc_depth 2
inc_depth 1
inc_depth 4
inc_depth 2
inc_depth 3
inc_depth 1
inc_depth 1
inc_depth 1
inc_depth 1
inc_depth 1
inc_depth 1
inc_depth 1
inc_depth 1
inc_depth 1
inc_depth 1
inc_depth 1
inc_depth 1
inc_depth 1
inc_depth 1
inc_depth 1
inc_depth 1
inc_depth 1
inc_depth 1
inc_depth 1
inc_depth 1
inc_depth 1
inc_depth 1
inc_depth 1
inc_depth 1
inc_depth 1
inc_depth 1
inc_depth 1
inc_depth 1
inc_depth 1
inc_depth 1
inc_depth 1
inc_depth 1
inc_depth 1
inc_depth 1
inc_depth 1
inc_depth 1
inc_depth 1
inc_depth 1
inc_depth 1
inc_depth 1
inc_depth 1
inc_depth 2
inc_depth 1
inc_depth 1
inc_depth 1
inc_depth 1
inc_depth 1
inc_depth 1
inc_depth 1
inc_depth 1
inc_depth 1
inc_depth 1
inc_depth 1
inc_depth 1
inc_depth 2
inc_depth 1
inc_depth 1
inc_depth 1
inc_depth 2
inc_depth 1
inc_depth 1
6267 0
File: switch_cntrl_type.t
 char  ,, 5.1
 long  ,, 0.9
 short  ,, 2.5
 unsigned short  ,, 2.8
 unsigned long  ,, 18.7
 bit-field  ,, 3.1
 enum  ,, 14.6
 int  ,, 29.5
 unsigned char  ,, 12.4
 unsigned int  ,, 10.0
 other-types ,, 0.2
End File
File: case_density.d
0 0 125
0 10 23
0 11 8
0 12 39
0 13 8
0 14 18
0 15 11
0 16 39
0 17 15
0 18 28
0 1 92
0 19 9
0 20 42
0 21 5
0 22 2
0 23 9
0 24 3
0 2 53
0 25 784
0 3 58
0 4 14
0 5 30
0 6 10
0 7 6
0 8 18
0 9 8
1 0 478
1 10 60
1 11 37
1 1 195
1 12 731
1 13 28
1 14 35
1 15 80
1 16 147
1 17 24
1 18 522
1 19 16
1 20 79
1 21 27
1 2 138
1 22 33
1 23 16
1 24 5
1 25 1572
1 3 120
1 4 108
1 5 106
1 6 79
1 7 83
1 8 62
1 9 29
End File
File: case_span.d
0 10 19
0 10241 2
0 1025 1
0 105 2
0 106 2
0 1073741826 1
0 110 1
0 11 12
0 113 3
0 114 2
0 115 1
0 116 1
0 117 6
0 118 2
0 119 7
0 12 14
0 1229213508 1
0 123 1
0 12583137 3
0 128 1
0 129 2
0 13 10
0 131 1
0 132 1
0 133 4
0 1 35
0 136 2
0 1366128642 1
0 140 4
0 14 10
0 145 1
0 146 1
0 15 14
0 156 1
0 157 2
0 16 20
0 163 1
0 16381 25
0 16390 1
0 171 1
0 17 21
0 173 2
0 1744830466 1
0 184 1
0 1879331541 1
0 1879331890 1
0 1879338051 1
0 1879890695 1
0 1879890696 1
0 18 8
0 1880398338 1
0 19 10
0 193 3
0 20481 1
0 2049 1
0 20 6
0 209 1
0 210 1
0 2.14775e+09 1
0 2.15011e+09 1
0 2.1522e+09 1
0 21531 1
0 2 156
0 21 7
0 223 1
0 22 4
0 225 1
0 230 1
0 23 1
0 23593441 2
0 241 1
0 24 5
0 246 1
0 249 1
0 255 1
0 256 2
0 25 8
0 260 2
0 26 6
0 268 1
0 26974 1
0 27 1
0 273 1
0 28 1
0 2.95307e+09 1
0 2.95308e+09 1
0 2.95439e+09 1
0 2.957e+09 1
0 29 6
0 30 6
0 3073 3
0 31032 1
0 31 4
0 3.22149e+09 1
0 3.22227e+09 1
0 3.22398e+09 1
0 32478 1
0 32 6
0 328 1
0 3 290
0 33079 1
0 33 21
0 34 2
0 34510 1
0 35 3
0 3585 2
0 3841 1
0 39 1
0 3997601 1
0 400 1
0 4.00982e+09 2
0 40 2
0 4.02653e+09 1
0 404 1
0 4 209
0 4.27819e+09 1
0 4.29497e+09 1
0 43 2
0 44 1
0 45 1
0 46 3
0 473 2
0 48 3
0 49 12
0 49153 2
0 50 2
0 505 3
0 51 13
0 513 1
0 52 2
0 53 1
0 536870913 1
0 54 1
0 55 1
0 56 21
0 567 1
0 57 1
0 57602 1
0 5 92
0 59 3
0 60 1
0 62 1
0 6 49
0 65494 1
0 66 1
0 68 2
0 69 1
0 72 4
0 73 1
0 7 42
0 76 1
0 77 1
0 79 1
0 80 1
0 805590067 1
0 81 4
0 8191 1
0 8192 1
0 8193 1
0 8196 1
0 82 1
0 83 7
0 8388601 1
0 8 39
0 85 1
0 86 1
0 86114369 2
0 87 1
0 88 2
0 90 2
0 92 1
0 93 1
0 9 39
0 9437361 5
0 97 2
1 100 2
1 1017 2
1 101 9
1 102 1
1 1027 1
1 104 1
1 105 2
1 10 59
1 106 3
1 1073741824 1
1 1074003970 1
1 107 5
1 1075052546 1
1 1078151429 1
1 1078460403 2
1 1079198283 2
1 1079198795 4
1 108 3
1 109 3
1 110 1
1 1101 1
1 111 2
1 112 2
1 1129335820 1
1 113 3
1 114 1
1 114901 1
1 115201 1
1 115 8
1 11 61
1 116 5
1 117 4
1 1174405121 1
1 1 178
1 118 6
1 119 7
1 120 4
1 121 8
1 123 2
1 124 4
1 125 4
1 12 57
1 126 5
1 127 6
1 1281 1
1 128 9
1 129 6
1 130 2
1 131 3
1 133 1
1 13 40
1 134 1
1 13557 1
1 13567 1
1 13582 1
1 13604 1
1 13606 2
1 136 1
1 13681 1
1 137 1
1 13778 1
1 13779 1
1 13781 1
1 13789 1
1 142 2
1 143 1
1 146 1
1 14 66
1 147 2
1 149 2
1 15 32
1 1537 2
1 154 3
1 155 2
1 158 3
1 159 1
1 16001 3
1 161 2
1 163 4
1 16394 1
1 164 1
1 16439 1
1 16 53
1 16644 1
1 167 2
1 16777300 1
1 16879 1
1 169 1
1 172 1
1 173 5
1 17 44
1 1744830466 2
1 175 2
1 178 2
1 179 2
1 1810 1
1 181 3
1 18 20
1 183 2
1 185 2
1 1878759812 1
1 1879048192 1
1 1879048193 1
1 1879327445 1
1 1879328983 1
1 1879329010 1
1 1879332299 1
1 1879340293 1
1 1879340547 3
1 1879590148 1
1 1879860483 2
1 1881175582 1
1 1881691906 8
1 1881699858 2
1 1890 1
1 189 1
1 190 1
1 1914204676 1
1 1921 2
1 19 27
1 193 4
1 20 16
1 202 1
1 2033 1
1 2050 1
1 20505 4
1 205 1
1 20513 1
1 206 2
1 208 1
1 210 1
1 211 1
1 21 21
1 21382 1
1 21383 1
1 2.14775e+09 5
1 2.14801e+09 1
1 2.14827e+09 3
1 2.14984e+09 1
1 2.15273e+09 1
1 2.15587e+09 1
1 216 1
1 218 1
1 221 2
1 222 1
1 22 27
1 223 2
1 224 1
1 225 3
1 229 1
1 231 2
1 2324 1
1 235 3
1 2353 1
1 23 8
1 241 2
1 2.41592e+09 1
1 242 1
1 2 426
1 243 1
1 24577 2
1 24 6
1 24630 1
1 247 2
1 248 9
1 249 1
1 250 1
1 25 12
1 252 2
1 254 4
1 2.55014e+09 2
1 255 3
1 256 23
1 257 17
1 259 1
1 260 1
1 2.6101e+09 1
1 26 19
1 2690 1
1 271 1
1 27 19
1 273 2
1 278 1
1 2782 1
1 28 18
1 29176 1
1 29441 1
1 29 5
1 2.95307e+09 10
1 2.95308e+09 4
1 2.95334e+09 2
1 2.95465e+09 1
1 2.95498e+09 1
1 2.95623e+09 18
1 2.96173e+09 1
1 2.96199e+09 3
1 2.98637e+09 1
1 30 5
1 3062 1
1 3073 4
1 307 7
1 31032 2
1 311 1
1 31 26
1 3145761 1
1 3145777 2
1 318 1
1 321 1
1 32 18
1 3.22149e+09 10
1 3.22464e+09 1
1 3.2249e+09 1
1 32257 2
1 32478 1
1 325 1
1 32514 1
1 3.26448e+09 1
1 32768 1
1 32769 2
1 32772 1
1 32832 1
1 32989 1
1 33024 1
1 33079 1
1 33 34
1 3344 3
1 3 438
1 34518 1
1 3.48363e+09 1
1 3.48441e+09 2
1 3.48442e+09 1
1 34 9
1 353 1
1 35 6
1 36 10
1 36101 1
1 37 9
1 3841 2
1 38 8
1 39 7
1 40001 2
1 4.00856e+09 1
1 4.00982e+09 7
1 4.00989e+09 13
1 4.02653e+09 1
1 40 3
1 403201 1
1 4081 1
1 4097 1
1 4101 5
1 411 8
1 41 6
1 41744 1
1 420 1
1 4.27819e+09 2
1 42 9
1 4.29497e+09 15
1 4318 1
1 43 9
1 442 1
1 44 5
1 45057 2
1 452 11
1 45 5
1 46 6
1 4 745
1 47 5
1 4851 1
1 48 7
1 4878 1
1 49150 1
1 49152 1
1 49153 2
1 49 18
1 50 8
1 51 15
1 513 1
1 5 213
1 524284 1
1 52 7
1 53 10
1 -536870909 8
1 536870913 1
1 54 5
1 555 1
1 55 6
1 557 1
1 56 8
1 57 6
1 578 1
1 58 4
1 59 5
1 60 1
1 61441 1
1 61 5
1 6 164
1 616 4
1 619 4
1 62 2
1 622 3
1 623 9
1 63 6
1 64002 1
1 64 14
1 64770 1
1 65 13
1 65333 1
1 65407 1
1 65491 1
1 65533 1
1 65535 1
1 65537 3
1 66 4
1 670 1
1 67 3
1 68 2
1 69 11
1 701 1
1 70 4
1 710 1
1 71 5
1 716 3
1 72 24
1 73 2
1 741 1
1 74 6
1 75 3
1 76 3
1 7681 1
1 769 3
1 77 6
1 777 1
1 7 82
1 78 5
1 786433 1
1 791 1
1 800 1
1 801 2
1 80 2
1 805588516 1
1 805590222 1
1 805597355 1
1 805598212 1
1 805858563 1
1 81 4
1 8193 2
1 82 2
1 826561379 1
1 827082530 1
1 83 10
1 8366088 2
1 837444 1
1 83886081 1
1 84 10
1 8454 1
1 85 9
1 86 5
1 8 726
1 87 7
1 88 1
1 89 5
1 90 2
1 91 1
1 912 1
1 921601 1
1 92 4
1 93 4
1 94 4
1 95 6
1 96 3
1 97 8
1 98 2
1 991 1
1 992 2
1 99 4
1 9 95
1 999504 1
End File
