inc_depth 1
inc_depth 1
inc_depth 1
inc_depth 1
inc_depth 1
inc_depth 1
inc_depth 2
inc_depth 1
inc_depth 4
inc_depth 2
inc_depth 2
inc_depth 2
inc_depth 3
inc_depth 4
inc_depth 2
inc_depth 3
inc_depth 2
inc_depth 3
inc_depth 2
inc_depth 4
inc_depth 3
inc_depth 3
inc_depth 2
inc_depth 2
inc_depth 7
inc_depth 2
inc_depth 2
inc_depth 2
inc_depth 2
inc_depth 1
inc_depth 4
inc_depth 2
inc_depth 3
inc_depth 1
inc_depth 1
inc_depth 1
inc_depth 1
inc_depth 1
inc_depth 1
inc_depth 1
inc_depth 1
inc_depth 1
inc_depth 1
inc_depth 1
inc_depth 1
inc_depth 1
inc_depth 1
inc_depth 1
inc_depth 1
inc_depth 1
inc_depth 1
inc_depth 1
inc_depth 1
inc_depth 1
inc_depth 1
inc_depth 1
inc_depth 1
inc_depth 1
inc_depth 1
inc_depth 1
inc_depth 1
inc_depth 1
inc_depth 1
inc_depth 1
inc_depth 1
inc_depth 1
inc_depth 1
inc_depth 1
inc_depth 1
inc_depth 1
inc_depth 1
inc_depth 1
inc_depth 1
inc_depth 1
inc_depth 2
inc_depth 1
inc_depth 1
inc_depth 1
inc_depth 1
inc_depth 1
inc_depth 1
inc_depth 1
inc_depth 1
inc_depth 1
inc_depth 1
inc_depth 1
inc_depth 1
inc_depth 2
inc_depth 1
inc_depth 1
inc_depth 1
inc_depth 2
inc_depth 1
inc_depth 1
num arrays 15220
File: num_elems.d
-16 5
0 118
1 542
2 1486
3 1056
4 1211
5 347
6 621
7 163
8 832
9 171
10 557
11 48
12 224
13 58
14 49
15 98
16 795
17 100
18 55
19 24
20 222
21 35
22 29
23 7
24 36
25 60
26 16
27 10
28 13
29 9
30 112
31 20
32 650
33 124
34 15
35 19
36 22
37 15
38 3
39 8
40 79
41 8
42 7
43 5
44 5
45 6
46 9
47 6
48 229
49 12
50 36
51 3
52 10
53 2
54 1
55 2
56 15
57 3
58 12
59 5
60 79
61 8
62 6
63 10
64 649
65 26
66 15
67 1
68 3
69 2
70 3
71 4
72 2
75 1
76 1
77 1
78 1
80 127
81 7
85 3
87 1
88 3
90 3
96 8
99 1
100 156
101 11
103 1
104 2
105 1
106 1
108 1
109 2
114 3
115 2
116 1
119 2
120 4
124 1
125 2
126 1
127 22
128 366
129 18
130 1
132 26
133 7
134 2
135 2
137 1
138 3
140 1
144 2
149 4
150 4
151 2
153 3
156 1
160 5
161 1
162 16
170 2
172 1
175 1
180 1
181 1
184 1
187 1
192 2
195 2
196 4
197 2
200 61
204 1
205 3
222 2
223 2
224 11
236 1
240 2
246 1
250 2
251 1
255 63
256 1158
257 13
260 5
263 1
268 4
275 1
280 1
288 6
294 2
297 1
300 34
312 1
316 1
320 22
321 4
324 4
341 1
342 1
344 7
349 1
354 3
359 2
370 2
382 1
386 2
400 12
448 2
450 1
460 1
466 1
471 2
480 3
484 1
488 4
496 1
500 16
501 2
503 1
504 2
509 1
510 1
512 424
513 3
514 1
522 1
524 1
573 3
576 2
592 1
600 4
625 1
640 3
700 1
704 1
736 1
768 35
769 2
800 1
801 1
832 1
853 1
889 1
900 3
939 1
967 1
974 2
1000 22
1001 3
1005 1
1009 2
1010 1
1019 1
1020 1
1023 1
1024 430
1025 7
1026 1
1030 1
1032 1
1040 1
1064 1
1120 1
1152 4
1156 1
1176 1
1200 14
1201 2
1206 1
1280 18
1286 1
1296 2
1365 1
1384 13
1396 1
1400 24
1403 1
1408 2
1440 1
1450 12
1458 2
1500 2
1514 1
1532 1
1544 1
1576 2
1606 1
1672 1
1906 1
1920 2
1960 1
1976 1
2000 2
2001 4
2003 1
2016 1
2028 1
2040 2
2041 3
2048 62
2049 3
2080 3
2176 2
2352 2
2401 1
2500 1
2560 1
2714 1
2900 1
3000 1
3007 1
3468 1
4000 3
4016 1
4088 2
4093 1
4095 10
4096 85
4504 2
5000 3
6300 1
6752 1
7680 4
7840 1
7936 1
8000 1
8006 1
8104 3
8191 3
8192 155
8193 1
8195 1
9700 1
10000 1
10240 3
12224 1
12272 3
12288 3
12289 2
15328 1
16320 1
16384 24
16385 1
16386 1
16768 4
20480 1
24577 2
32752 1
32767 7
32768 15
32769 1
37632 1
50528 1
64000 9
65535 10
65536 34
65538 1
65542 2
76800 3
81920 4
131072 6
256000 5
262144 8
307200 2
500000 2
512000 2
524288 4
1048576 7
2097152 2
4194304 2
2147483644 1
2147483645 1
End File
