inc_depth 1
inc_depth 1
inc_depth 1
inc_depth 1
inc_depth 1
inc_depth 1
inc_depth 2
inc_depth 1
inc_depth 4
inc_depth 2
inc_depth 2
inc_depth 2
inc_depth 3
inc_depth 4
inc_depth 2
inc_depth 3
inc_depth 2
inc_depth 3
inc_depth 2
inc_depth 4
inc_depth 3
inc_depth 3
inc_depth 2
inc_depth 2
inc_depth 7
inc_depth 2
inc_depth 2
inc_depth 2
inc_depth 2
inc_depth 1
inc_depth 4
inc_depth 2
inc_depth 3
inc_depth 1
inc_depth 1
inc_depth 1
inc_depth 1
inc_depth 1
inc_depth 1
inc_depth 1
inc_depth 1
inc_depth 1
inc_depth 1
inc_depth 1
inc_depth 1
inc_depth 1
inc_depth 1
inc_depth 1
inc_depth 1
inc_depth 1
inc_depth 1
inc_depth 1
inc_depth 1
inc_depth 1
inc_depth 1
inc_depth 1
inc_depth 1
inc_depth 1
inc_depth 1
inc_depth 1
inc_depth 1
inc_depth 1
inc_depth 1
inc_depth 1
inc_depth 1
inc_depth 1
inc_depth 1
inc_depth 1
inc_depth 1
inc_depth 1
inc_depth 1
inc_depth 1
inc_depth 1
inc_depth 1
inc_depth 2
inc_depth 1
inc_depth 1
inc_depth 1
inc_depth 1
inc_depth 1
inc_depth 1
inc_depth 1
inc_depth 1
inc_depth 1
inc_depth 1
inc_depth 1
inc_depth 1
inc_depth 2
inc_depth 1
inc_depth 1
inc_depth 1
inc_depth 2
inc_depth 1
inc_depth 1
Total macros defined 1432735 total function-macros 313620
File: all_macro_defines.d
0 717
1 185
2 123
3 86
4 111
5 46
6 34
7 44
8 40
9 11
10 55
11 28
12 17
13 13
14 11
15 35
16 21
17 62
18 36
19 31
20 34
21 22
22 30
23 23
24 9
25 10
26 15
27 14
28 30
29 19
30 27
31 6
32 15
33 6
34 12
35 11
36 27
37 19
38 23
39 15
40 12
41 10
42 40
43 15
44 4
45 7
46 59
47 4
48 13
49 19
50 17
51 3
52 4
53 44
54 72
55 9
56 10
57 18
58 30
59 9
60 6
61 19
62 9
63 7
64 2
65 6
67 22
68 22
69 10
71 29
72 6
73 3
74 2
75 12
76 16
77 3
78 5
79 72
80 9
81 4
82 8
83 5
84 4
85 5
86 2
87 9
88 2
89 1
90 2
91 10
92 3
93 1
94 2
95 1
96 3
99 35
100 20
101 7
102 3
103 2
105 1
106 1
107 1
108 3
109 6
110 3
111 11
112 23
113 6
114 3
115 4
116 7
117 1
118 4
119 1
120 3
121 1
123 1
124 3
125 14
126 13
127 10
128 5
129 7
130 3
131 4
132 4
133 2
134 3
135 2
137 3
138 8
139 3
140 2
141 3
142 1
143 4
144 5
145 7
146 11
147 10
148 10
149 9
150 14
151 9
152 9
153 13
154 18
155 8
156 10
157 9
158 8
159 8
160 7
161 10
162 9
163 5
164 6
165 8
166 7
167 5
168 2
169 2
170 7
171 3
173 3
176 1
177 2
178 1
179 2
180 3
181 1
182 3
183 1
186 2
187 1
188 2
189 2
190 2
191 1
195 2
198 1
202 1
204 3
205 2
207 1
208 2
210 1
217 1
224 13
226 1
229 1
231 1
233 1
238 1
239 5
242 1
243 2
244 2
309 7
310 3
311 1
314 1
319 1
End File
File: func_macro_defines.d
0 1208
1 352
2 364
3 329
4 124
5 85
6 52
7 66
8 30
9 24
10 26
11 43
12 96
13 71
14 36
15 66
16 43
17 31
18 32
19 16
20 43
21 27
22 5
24 1
27 2
28 1
29 1
30 2
32 2
33 1
39 2
41 1
42 12
43 1
44 1
47 2
48 2
49 3
50 1
51 4
52 4
53 4
54 3
55 2
56 2
59 2
87 2
90 2
93 4
94 1
96 1
99 4
102 2
104 1
106 2
107 3
109 2
112 1
118 3
120 3
121 1
122 2
123 3
124 2
125 2
126 3
127 2
128 6
129 1
130 5
131 6
132 4
133 2
134 2
135 1
136 3
137 2
147 2
149 1
153 1
160 1
161 1
162 4
164 1
165 3
166 1
168 1
175 1
176 12
177 2
180 1
185 1
187 5
188 1
190 1
191 1
192 2
End File
File: macex_args.d
0 12865
1 647426
2 95240
3 62124
4 44320
5 29938
6 20561
7 249
8 77
9 1
10 76
11 3
21 1
End File
File: all_m_expands.d
0 194
1 157
2 123
3 120
4 124
5 90
6 150
7 126
8 102
9 85
10 76
11 61
12 57
13 68
14 32
15 64
16 59
17 42
18 43
19 42
20 36
21 39
22 43
23 30
24 33
25 31
26 38
27 41
28 34
29 35
30 23
31 29
32 16
33 14
34 18
35 23
36 31
37 20
38 17
39 17
40 19
41 26
42 17
43 16
44 17
45 22
46 17
47 9
48 16
49 16
50 13
51 17
52 10
53 17
54 13
55 13
56 14
57 20
58 22
59 7
60 15
61 12
62 9
63 11
64 15
65 10
66 16
67 11
68 8
69 5
70 7
71 11
72 6
73 7
74 7
75 3
76 4
77 7
78 4
79 7
80 5
81 4
82 7
83 6
84 3
85 3
86 4
87 4
88 3
89 4
90 1
91 7
92 6
93 2
94 4
95 1
96 2
97 4
98 5
100 2
101 4
102 6
103 4
104 2
105 2
106 3
107 2
108 3
109 9
110 4
111 2
112 2
113 2
114 1
115 7
116 3
117 3
118 2
119 5
120 2
121 5
122 3
123 4
124 1
125 5
126 1
127 3
128 3
129 2
134 2
135 3
136 2
137 1
138 2
139 2
140 3
141 2
142 3
144 2
146 1
148 3
149 3
150 2
151 2
152 1
153 4
154 1
155 2
156 3
158 1
159 2
160 5
166 1
168 1
169 4
170 1
171 2
172 2
173 2
174 1
176 1
178 2
179 1
180 1
182 1
183 4
184 1
186 1
187 2
188 1
189 1
195 3
196 1
198 2
199 2
200 1
202 2
204 1
208 1
209 2
210 2
212 1
213 1
221 2
222 1
223 2
226 1
227 1
228 2
229 1
230 1
231 2
232 1
234 2
235 1
236 1
237 2
238 1
240 1
241 6
243 2
245 1
246 1
247 3
248 2
250 1
251 1
257 1
258 1
262 1
265 1
266 1
268 1
270 2
276 1
278 1
284 1
285 1
288 1
289 2
290 2
291 1
294 3
295 8
296 6
297 11
298 2
302 1
303 2
304 1
305 1
306 1
311 1
313 1
314 1
316 1
317 1
320 1
322 1
327 1
329 1
332 1
333 1
335 1
336 2
337 1
338 1
342 1
344 1
349 1
354 2
364 1
366 1
368 1
369 1
373 1
378 1
382 2
384 1
394 1
399 1
400 1
404 1
405 2
407 1
408 1
409 1
411 1
412 1
413 1
414 2
415 1
418 1
421 2
423 1
425 1
426 2
427 1
429 1
433 1
435 1
437 1
439 1
444 1
447 1
449 1
450 1
452 1
453 1
455 1
456 1
457 1
460 1
468 1
473 1
474 1
475 2
488 1
507 1
509 1
512 1
517 1
521 1
528 1
531 1
537 1
543 1
552 1
554 1
555 1
563 1
570 1
572 1
588 1
611 1
641 1
663 1
712 1
730 1
777 1
901 1
967 1
1052 1
1355 1
1995 1
End File
File: func_m_expands.d
0 853
1 425
2 230
3 144
4 142
5 102
6 105
7 89
8 69
9 69
10 58
11 40
12 45
13 41
14 25
15 21
16 31
17 27
18 23
19 23
20 41
21 28
22 25
23 28
24 19
25 44
26 27
27 25
28 9
29 7
30 11
31 12
32 6
33 11
34 8
35 18
36 11
37 5
38 9
39 14
40 7
41 14
42 15
43 12
44 18
45 11
46 11
47 11
48 3
49 11
50 2
51 6
52 7
53 2
54 6
55 1
56 2
57 1
58 1
59 5
60 2
61 2
62 2
63 3
64 3
66 2
67 3
68 4
69 1
70 1
71 3
72 1
73 2
75 5
77 1
78 1
79 3
80 1
81 1
82 2
84 1
86 2
87 1
88 1
89 1
90 2
92 1
93 1
95 2
96 2
99 3
100 2
102 3
103 2
104 1
105 2
106 2
107 2
109 1
110 1
111 1
116 1
117 1
119 1
120 2
121 1
122 1
126 2
127 1
128 2
132 2
135 2
139 1
140 2
142 1
143 1
145 1
146 2
147 1
148 2
150 1
156 2
159 1
163 1
164 3
165 1
166 1
167 1
169 1
174 1
175 1
178 1
182 1
184 1
185 1
190 1
192 3
193 1
197 1
199 1
201 1
203 1
204 1
205 1
206 1
212 1
213 1
216 1
217 1
224 1
225 2
226 2
227 1
228 2
237 1
238 1
239 3
240 3
242 1
244 3
249 1
254 1
259 2
260 1
261 1
262 1
263 26
269 1
272 3
275 1
276 1
277 1
280 2
282 1
285 1
288 2
289 1
297 1
300 1
304 1
305 1
306 1
308 3
311 1
314 1
315 1
321 1
325 1
328 1
329 3
332 1
334 1
339 1
343 1
344 1
349 2
351 1
356 1
357 2
358 1
361 1
362 2
365 1
368 1
372 2
373 2
374 2
376 1
377 1
378 2
381 1
382 2
383 1
384 1
386 1
394 1
396 1
397 1
403 1
408 1
414 1
420 1
422 1
430 1
450 1
455 1
457 1
462 1
466 1
467 1
472 1
475 1
488 1
494 1
498 1
502 1
557 1
583 1
613 1
934 1
End File
