File: econst.d
1 280
2 629
3 739
4 546
5 338
6 243
7 181
8 151
9 130
10 109
11 66
12 58
13 44
14 46
15 51
16 43
17 29
18 20
19 19
20 21
21 20
22 14
23 11
24 13
25 16
26 9
27 8
28 14
29 5
30 3
31 9
32 8
33 10
34 6
35 9
36 3
38 11
39 4
40 1
41 1
42 3
43 4
44 4
45 4
46 2
47 3
48 1
49 1
51 2
52 1
53 5
55 2
56 4
57 1
58 3
59 1
62 3
64 6
66 5
67 1
69 2
70 2
71 3
72 4
74 1
76 1
78 1
79 1
81 1
82 3
84 4
86 1
88 2
89 2
94 2
106 1
110 2
113 1
114 1
121 2
123 1
130 1
138 1
139 2
141 1
144 1
145 1
146 1
158 1
166 1
179 1
256 1
534 1
968 1
End File
