File: floating_type.t
 float ,, 35.2 ,, 15.1 ,, 8.3 ,, 0.7 ,, 21.0 ,, 80.3
 double ,, 8.5 ,, 7.9 ,, 0.5 ,, 0.7 ,, 2.2 ,, 19.7
 long_double ,, 0.0 ,, 0.0 ,, 0.0 ,, 0.0 ,, 0.0 ,, 0.0
 Total ,, 43.6 ,, 22.9 ,, 8.8 ,, 1.5 ,, 23.2
End File
File: character_type.t
 char ,, 16.4 ,, 3.6 ,, 1.2 ,, 0.1 ,, 6.6 ,, 28.0
 signedchar ,, 0.2 ,, 0.3 ,, 0.0 ,, 0.1 ,, 0.3 ,, 1.0
 unsignedchar ,, 18.1 ,, 10.6 ,, 0.4 ,, 0.8 ,, 41.2 ,, 71.1
 Total ,, 34.7 ,, 14.6 ,, 1.5 ,, 1.0 ,, 48.2
End File
File: integer_type.t
 char ,, 1.8 ,, 0.4 ,, 0.1 ,, 0.0 ,, 0.7 ,, 3.1
 signedchar ,, 0.0 ,, 0.0 ,, 0.0 ,, 0.0 ,, 0.0 ,, 0.1
 unsignedchar ,, 2.0 ,, 1.2 ,, 0.0 ,, 0.1 ,, 4.6 ,, 7.9
 short ,, 0.7 ,, 0.3 ,, 0.0 ,, 0.0 ,, 0.4 ,, 1.4
 unsignedshort ,, 2.3 ,, 0.8 ,, 0.1 ,, 0.1 ,, 3.2 ,, 6.5
 int ,, 28.4 ,, 10.6 ,, 4.2 ,, 0.1 ,, 6.4 ,, 49.7
 unsignedint ,, 5.6 ,, 3.6 ,, 0.3 ,, 0.1 ,, 4.2 ,, 13.8
 long ,, 3.0 ,, 1.2 ,, 0.1 ,, 0.1 ,, 0.8 ,, 5.1
 unsignedlong ,, 4.8 ,, 1.9 ,, 0.2 ,, 0.1 ,, 2.1 ,, 9.1
 enum ,, 0.9 ,, 0.9 ,, 0.4 ,, 0.4 ,, 0.8 ,, 3.3
 Total ,, 49.6 ,, 20.8 ,, 5.4 ,, 0.9 ,, 23.2
End File
File: derived_type.t
 ptr_to ,, 30.4 ,, 37.6 ,, 3.1 ,, 0.8 ,, 5.6 ,, 77.5
 array ,, 3.3 ,, 0.0 ,, 4.4 ,, 0.0 ,, 3.0 ,, 10.8
 struct ,, 3.7 ,, 0.1 ,, 2.4 ,, 2.3 ,, 2.6 ,, 11.2
 union ,, 0.2 ,, 0.0 ,, 0.0 ,, 0.1 ,, 0.2 ,, 0.5
 Total ,, 37.7 ,, 37.8 ,, 10.0 ,, 3.3 ,, 11.3
End File
File: type_qual.t
 const ,, 18.5 ,, 4.3 ,, 50.8 ,, 0.0 ,, 1.2 ,, 74.8
 volatile ,, 1.6 ,, 0.1 ,, 3.0 ,, 0.1 ,, 20.4 ,, 25.2
 volatileconst ,, 0.0 ,, 0.0 ,, 0.0 ,, 0.0 ,, 0.0 ,, 0.0
 Total ,, 20.1 ,, 4.4 ,, 53.8 ,, 0.1 ,, 21.6
End File
File: all_type.t
 42.8 ,, 0.9 ,, 43.6 ,, 6.1 ,, 6.6
 128024.0 ,, 2825.0 ,, 130637.0 ,, 18175.0 ,, 19740.0
End File
