File: loc_init.d
0 17129
1 0
2 9
3 5
4 17
5 35
6 32
7 62
8 45
9 72
10 113
11 123
12 156
13 27
14 237
15 41
16 334
17 19
18 58
19 11
20 603
21 33
22 106
23 46
24 2
25 985
26 32
27 55
28 234
29 15
30 101
31 21
32 4
33 1934
34 8
35 42
36 54
37 134
38 31
39 3
40 499
41 35
42 201
43 17
44 103
45 30
46 37
47 20
48 6
49 0
50 3430
51 3
52 14
53 24
54 54
55 78
56 13
57 130
58 25
59 6
60 331
61 19
62 69
63 36
64 10
65 5
66 1147
67 2
68 3
69 13
70 27
71 84
72 17
73 15
74 4
75 444
76 15
77 21
78 10
79 1
80 196
81 7
82 6
83 101
84 3
85 50
86 2
87 34
88 24
89 0
90 21
91 6
92 4
93 5
94 1
95 5
96 0
97 0
98 0
99 0
100 6063
End File
File: tu_ext_init.d
0 228
1 0
2 0
3 0
4 2
5 3
6 3
7 1
8 1
9 3
10 1
11 2
12 2
13 0
14 6
15 4
16 4
17 0
18 2
19 0
20 8
21 1
22 4
23 2
24 0
25 15
26 0
27 1
28 3
29 1
30 4
31 2
32 0
33 35
34 1
35 1
36 1
37 3
38 1
39 0
40 21
41 2
42 5
43 1
44 4
45 0
46 6
47 1
48 1
49 0
50 72
51 2
52 4
53 1
54 6
55 4
56 0
57 14
58 3
59 0
60 20
61 0
62 6
63 5
64 1
65 0
66 49
67 0
68 1
69 1
70 7
71 13
72 5
73 1
74 1
75 31
76 2
77 10
78 4
79 0
80 14
81 2
82 0
83 13
84 1
85 20
86 1
87 6
88 8
89 2
90 7
91 3
92 5
93 16
94 7
95 5
96 1
97 0
98 0
99 0
100 642
End File
File: tu_int_init.d
0 1515
1 52
2 17
3 15
4 17
5 25
6 6
7 7
8 11
9 5
10 10
11 10
12 3
13 2
14 7
15 0
16 13
17 1
18 4
19 1
20 14
21 1
22 6
23 2
24 1
25 13
26 3
27 0
28 4
29 1
30 4
31 0
32 4
33 22
34 2
35 2
36 2
37 2
38 0
39 1
40 12
41 1
42 2
43 1
44 0
45 0
46 1
47 2
48 1
49 0
50 40
51 0
52 0
53 2
54 1
55 2
56 1
57 1
58 0
59 0
60 6
61 0
62 0
63 0
64 1
65 0
66 17
67 0
68 1
69 0
70 1
71 2
72 2
73 0
74 0
75 4
76 2
77 0
78 0
79 0
80 1
81 2
82 0
83 2
84 1
85 1
86 1
87 0
88 2
89 0
90 0
91 2
92 0
93 2
94 0
95 1
96 3
97 2
98 3
99 2
100 137
End File
File: loc_init_type.t
 char  ,, 2.5
 unsigned char  * ,, 1.4
 char  * ,, 4.0
 union  * ,, 4.3
 unsigned int  * ,, 1.2
 struct  * ,, 39.5
 long  ,, 2.6
 unsigned short  ,, 2.4
 unsigned long  ,, 3.4
 int  ,, 22.6
 enum  ,, 1.1
 unsigned char  ,, 1.5
 unsigned int  ,, 4.5
 other-types ,, 9.1
End File
File: glob_init_type.t
 const char  [] ,, 22.5
 int  *() ,, 1.2
 int  [] ,, 2.1
 const unsigned char  [] ,, 1.2
 const short  [] ,, 1.2
 char  * ,, 2.2
 ( const char  * const ) [] ,, 2.9
 unsigned short  [] ,, 2.5
 struct  * ,, 2.9
 struct  [] ,, 8.3
 ( char  * ) [] ,, 1.3
 char  [] ,, 2.0
 void  *() ,, 1.3
 struct  ,, 10.4
 unsigned char  [] ,, 1.7
 int  ,, 11.1
 const struct  ,, 14.7
 other-types ,, 10.4
End File
