File: dottotal.d
0 176703
1 65899
2 10500
3 712
4 51
5 15
End File
File: indirtotal.d
0 31791
1 206810
2 14449
3 783
4 43
5 4
End File
File: seltotal.d
1 193905
2 47713
3 10965
4 1170
5 105
6 22
End File
File: selcombin.d
1 28160
2 3252
3 363
4 16
100 165745
101 34065
102 6643
103 309
104 33
105 15
200 10396
201 3437
202 579
203 35
204 2
300 522
301 230
302 26
303 5
400 36
401 7
500 4
End File
File: seltable.d
0 ,, 0  ,, 165745  ,, 10396  ,, 522  ,, 36  ,, 4 
1 ,, 28160  ,, 34065  ,, 3437  ,, 230  ,, 7  ,, 0 
2 ,, 3252  ,, 6643  ,, 579  ,, 26  ,, 0  ,, 0 
3 ,, 363  ,, 309  ,, 35  ,, 5  ,, 0  ,, 0 
4 ,, 16  ,, 33  ,, 2  ,, 0  ,, 0  ,, 0 
5 ,, 0  ,, 15  ,, 0  ,, 0  ,, 0  ,, 0 
End File
