TTimo-doom3.gpl-1559777/neo/curl/lib/md5.c 77
TTimo-doom3.gpl-1559777/neo/curl/lib/md5.c 100
TTimo-doom3.gpl-1559777/neo/curl/lib/md5.c 100
TTimo-doom3.gpl-1559777/neo/curl/lib/md5.c 214
TTimo-doom3.gpl-1559777/neo/curl/lib/md5.c 246
TTimo-doom3.gpl-1559777/neo/curl/lib/md5.c 247
TTimo-doom3.gpl-1559777/neo/renderer/jpeg-6/jchuff.c 634
TTimo-doom3.gpl-1559777/neo/renderer/jpeg-6/jchuff.c 635
TTimo-doom3.gpl-1559777/neo/renderer/jpeg-6/jchuff.c 752
TTimo-doom3.gpl-1559777/neo/renderer/jpeg-6/jdmarker.c 382
TTimo-doom3.gpl-1559777/neo/renderer/jpeg-6/jdmarker.c 450
TTimo-doom3.gpl-1559777/neo/renderer/jpeg-6/jdmarker.c 546
TTimo-doom3.gpl-1559777/neo/renderer/jpeg-6/jdmarker.c 563
TTimo-doom3.gpl-1559777/neo/renderer/jpeg-6/jdphuff.c 744
TTimo-doom3.gpl-1559777/neo/renderer/jpeg-6/jquant1.c 224
TTimo-doom3.gpl-1559777/neo/renderer/jpeg-6/jquant2.c 731
TTimo-doom3.gpl-1559777/neo/renderer/jpeg-6/jquant2.c 860
TTimo-doom3.gpl-1559777/neo/renderer/jpeg-6/jquant2.c 868
TTimo-doom3.gpl-1559777/neo/sound/OggVorbis/vorbissrc/psy.c 86
     0          0
     1          0
     2       7266
     3      36606
     4      66495
     5      26931
     6       2385
     7       3477
     8       2385
     9        178
    10         64
    11          0
    12        271
    13       8149
    14      99288
    15       6178
    16       8400
    17       3008
    18      13259
    19       1743
    20        167
    21          0
    22          0
    23       8307
    24      10701
    25      99110
    26        113
    27         42
    28       5582
    29        492
    30         96
    31       1751
    32       1656
    33          1
    34       1381
    35         32
    36        761
    37      92886
    38       1993
    39      84993
    40       1750
    41        517
    42         44
    43      81176
    44       2203
    45       1598
    46      80583
    47        322
    48        261
    49      77910
    50       1525
    51        615
    52        229
    53        304
    54      76054
    55       1235
    56        621
    57      75608
    58        446
    59      75602
    60          6
    61      75450
    62        152
    63      74787
    64        663
    65      74399
    66        387
    67      74130
    68        257
    69      73142
    70      11775
    71      10437
    72         66
    73          7
    74          0
    75        930
    76        207
    77         16
    78         38
    79         48
    80        123
    81         30
    82      35835
    83        216
    84        988
    85         68
    86       5940
    87        869
    88      11616
    89        334
    90          0
    91      10882
    92       1937
    93       5945
    94        913
    95       4265
    96       2593
    97        105
    98         23
    99        562
   100          0
   101        179
   102       1024
   103       1429
   104         63
   105       2876
   106        690
   107        507
   108        159
   109          2
   110        316
   111          0
   112          0
   113          0
   114       1105
   115         24
   116       6181
   117         52
   118         43
   119         81
   120       1024
   121       1096
   122         10
   123         82
   124        411
   125        493
   126       2760
   127         16
   128       2606
   129        170
   130        494
   131          8
   132        502
   133          0
   134         13
   135          0
   136         11
   137         13
   138         93
   139         76
   140         30
   141        352
   142          0
   143          1
   144          0
   145       9003
   146       3688
   147      11285
   148       1262
   149       5270
   150          3
   151        149
   152        385
   153      11912
   154        720
   155          0
   156          0
   157          0
   158        694
   159        515
   160       1386
   161         44
   162         11
   163       4511
   164        228
   165          3
   166          0
   167       1435
   168         24
   169       1517
   170       2061
   171       1439
   172        673
   173       3190
   174        217
   175        171
   176       2112
   177        823
   178         47
   179         31
   180         26
   181          0
   182         28
   183         26
   184         19
   185          0
   186          0
   187          0
   188         28
   189       6181
   190          0
   191          0
   192          0
   193      15674
   194          0
   195          0
   196          0
   197          0
   198          0
   199          0
   200          0
   201          0
   202          0
   203       1059
   204      15128
   205       5204
   206       1588
   207       4440
   208       5793
   209       1162
   210       3291
   211         80
   212          0
   213        859
   214          0
   215        120
   216      15128
   217       5030
   218        174
   219        487
   220      20327
   221        379
   222         56
   223       1153
   224          0
   225        161
   226         93
   227       1012
   228       2025
   229       1261
   230       6005
   231       1260
   232          1
   233       1261
   234          0
   235          1
   236          2
