single bb 15276
non-looping 20515
looping 18396
total while 22673 for 19586 if 181138 switch 6231
total expr 727976 return 79318 init 46205
File: full_expr_per_func.t
 object declaration initializer ,, 4.2
 expression statement ,, 65.9
 if controlling expression ,, 16.4
 while controlling expression ,, 2.1
 switch controlling expression ,, 0.6
 for controlling expression ,, 1.5
 for clause-1 ,, 1.5
 for expr-1 ,, 1.6
 return expression ,, 6.2
End File
File: returns_per_func.d
0 20584
1 17634
2 8088
3 3731
4 1969
5 1133
6 682
7 502
8 341
9 267
10 202
11 172
12 145
13 125
14 113
15 116
16 91
17 97
18 80
19 79
20 59
21 44
22 45
23 39
24 48
25 27
26 51
27 43
28 35
29 26
30 33
31 33
32 23
33 41
34 28
35 18
36 28
37 17
38 21
39 14
40 18
41 18
42 12
43 17
44 14
45 17
46 11
47 11
48 13
49 10
50 7
51 19
52 8
53 10
54 8
55 8
56 12
57 4
58 4
59 9
60 6
61 13
62 8
63 4
64 8
65 6
66 4
67 3
68 4
69 6
70 3
71 5
72 4
73 8
74 9
76 6
77 3
78 3
79 2
80 3
81 2
82 3
83 8
84 4
85 3
86 2
87 4
88 4
89 2
90 5
91 3
92 4
93 4
94 2
95 1
96 3
97 4
100 1
102 1
105 2
106 2
107 1
109 1
111 3
112 1
113 1
116 1
118 1
119 3
120 1
121 1
124 1
125 1
126 2
127 3
128 1
129 1
131 1
133 1
135 2
136 2
140 2
141 2
142 1
144 1
147 1
148 1
150 2
152 1
153 1
156 1
159 1
166 2
167 1
169 2
178 2
181 1
185 2
191 1
192 1
193 1
205 1
215 1
217 1
228 1
229 1
250 1
251 1
260 1
268 1
289 2
294 1
316 1
344 2
375 1
387 1
End File
File: stmts_per_func.d
.FILE 1
0 900
1 6391
2 3270
3 3357
4 2809
5 2554
6 2497
7 2070
8 1806
9 1783
10 1506
11 1365
12 1307
13 1271
14 1097
15 1054
16 1004
17 870
18 832
19 808
20 755
21 694
22 654
23 574
24 609
25 567
26 502
27 487
28 443
29 412
30 393
31 369
32 417
33 336
34 313
35 281
36 294
37 317
38 272
39 216
40 246
41 186
42 186
43 199
44 190
45 199
46 157
47 178
48 163
49 153
50 159
51 150
52 111
53 125
54 141
55 99
56 99
57 136
58 102
59 102
60 111
61 117
62 94
63 101
64 88
65 73
66 72
67 84
68 81
69 79
70 77
71 65
72 68
73 78
74 43
75 51
76 56
77 76
78 58
79 67
80 51
81 50
82 51
83 41
84 39
85 37
86 36
87 29
88 39
89 41
90 27
91 36
92 35
93 40
94 38
95 29
96 40
97 32
98 29
99 24
100 28
101 26
102 34
103 37
104 19
105 39
106 22
107 25
108 20
109 17
110 15
111 17
112 12
113 28
114 23
115 21
116 18
117 20
118 19
119 18
120 16
121 14
122 19
123 12
124 20
125 15
126 12
127 14
128 18
129 13
130 6
131 18
132 12
133 12
134 13
135 9
136 10
137 10
138 13
139 11
140 7
141 9
142 4
143 7
144 8
145 6
146 15
147 7
148 6
149 8
150 5
151 6
152 5
153 7
154 6
155 6
156 11
157 13
158 9
159 4
160 8
161 9
162 7
163 6
164 9
165 6
166 5
167 7
168 2
169 6
170 5
171 5
172 13
173 8
174 2
175 2
176 5
177 10
178 7
179 3
180 5
181 4
182 4
183 5
184 5
185 6
186 6
187 9
188 4
189 4
190 4
191 3
192 5
193 1
194 3
195 5
196 4
197 3
198 7
199 2
200 2
201 2
202 3
203 6
204 2
205 1
206 1
208 4
209 2
210 2
211 1
212 3
213 6
215 1
216 1
217 1
218 4
219 4
220 4
221 3
222 5
223 2
224 3
225 3
226 2
227 5
228 3
229 1
230 5
231 1
232 3
233 2
234 2
235 1
237 3
238 2
239 3
240 1
241 2
242 4
243 2
244 2
246 4
247 2
249 1
250 1
251 1
252 5
253 4
255 1
257 1
258 3
259 1
260 2
261 1
262 2
263 1
265 1
266 2
269 1
270 3
271 3
272 1
273 1
274 3
275 3
276 2
277 1
281 1
284 1
286 2
287 2
288 1
289 4
292 1
294 1
297 1
298 2
301 1
303 3
304 1
306 1
313 1
315 1
316 1
318 1
319 1
326 1
327 1
328 1
329 1
332 2
334 1
335 1
336 2
337 1
338 1
340 3
341 1
342 1
343 1
345 1
346 1
347 1
348 2
351 1
353 1
355 1
356 1
359 2
362 1
364 1
365 1
368 1
372 1
374 1
376 1
377 1
386 1
387 1
390 2
393 1
397 1
399 1
402 2
406 1
407 2
408 2
411 1
415 1
416 1
420 1
423 1
425 1
426 1
427 1
431 1
441 1
444 1
452 2
453 1
456 1
458 3
464 2
465 1
467 1
468 1
474 1
479 1
482 1
488 1
502 1
504 1
510 1
512 1
513 1
521 1
523 1
524 2
534 1
541 1
543 1
548 1
551 1
557 1
576 1
584 1
593 1
598 1
610 1
611 1
614 1
619 1
634 1
637 1
640 1
659 1
677 1
682 1
687 1
690 1
879 1
956 1
1115 1
1124 1
1144 1
1307 1
1320 1
1930 1
2136 1
2486 1
2924 1
5081 1
End File
File: lines_per_func.d
-10945 1
-9432 1
-8924 1
-7854 1
-7430 1
-6722 1
-6144 1
-4566 1
-4129 1
-3966 1
-3665 1
-3425 1
-3420 1
-3314 1
-3286 1
-3276 1
-3229 1
-3050 1
-2995 1
-2858 1
-2677 1
-2591 1
-2588 1
-2529 1
-2325 1
-2195 1
-2038 1
-1943 1
-1817 1
-1811 1
-1807 1
-1712 1
-1682 1
-1648 1
-1569 1
-1410 2
-1396 1
-1395 1
-1385 1
-1371 1
-1357 1
-1302 1
-1282 1
-1281 1
-1239 1
-1198 1
-1135 1
-1125 1
-1109 1
-1056 1
-1049 1
-1013 1
-1012 1
-1011 1
-1000 1
-975 1
-970 1
-913 1
-912 1
-909 1
-905 1
-863 1
-860 1
-859 1
-817 1
-813 1
-806 1
-771 1
-762 1
-755 1
-751 1
-747 1
-742 1
-736 1
-677 3
-675 1
-671 1
-669 1
-668 1
-666 1
-647 1
-631 1
-623 1
-621 1
-606 1
-597 1
-588 1
-582 1
-578 1
-554 2
-545 1
-535 1
-531 1
-530 1
-502 1
-481 2
-474 1
-469 1
-467 1
-464 1
-453 1
-447 1
-440 1
-428 1
-426 1
-418 1
-411 1
-406 1
-394 2
-392 2
-390 1
-389 1
-358 1
-357 1
-356 1
-344 2
-340 1
-321 1
-304 1
-296 1
-289 1
-280 1
-271 1
-247 2
-244 1
-219 1
-218 1
-217 1
-215 1
-214 1
-213 1
-207 1
-185 1
-181 1
-178 1
-176 1
-172 1
-167 2
-160 2
-158 1
-156 2
-151 1
-141 1
-137 1
-127 2
-123 1
-122 1
-109 1
-105 1
-98 1
-85 1
-81 1
-77 2
-76 1
-72 2
-63 1
-56 1
-44 1
-42 2
-40 1
-35 1
-17 1
1 388
2 441
3 4683
4 2864
5 1701
6 2132
7 1706
8 1678
9 1540
10 1591
11 1400
12 1397
13 1311
14 1207
15 1224
16 1130
17 1066
18 965
19 893
20 888
21 824
22 801
23 775
24 642
25 710
26 680
27 622
28 565
29 552
30 590
31 566
32 483
33 483
34 488
35 422
36 430
37 383
38 394
39 397
40 349
41 349
42 335
43 303
44 307
45 310
46 281
47 260
48 250
49 236
50 236
51 181
52 238
53 241
54 203
55 219
56 178
57 233
58 162
59 177
60 176
61 151
62 149
63 161
64 165
65 125
66 154
67 159
68 148
69 135
70 147
71 128
72 113
73 104
74 123
75 116
76 94
77 127
78 84
79 109
80 100
81 88
82 109
83 98
84 86
85 88
86 84
87 94
88 105
89 96
90 76
91 77
92 77
93 61
94 71
95 57
96 59
97 66
98 51
99 68
100 65
101 50
102 53
103 55
104 71
105 48
106 62
107 42
108 59
109 54
110 40
111 37
112 60
113 46
114 41
115 41
116 50
117 45
118 39
119 42
120 45
121 32
122 42
123 27
124 55
125 37
126 32
127 31
128 37
129 34
130 22
131 26
132 31
133 36
134 28
135 27
136 16
137 33
138 26
139 21
140 23
141 31
142 19
143 24
144 25
145 31
146 24
147 22
148 21
149 33
150 24
151 24
152 26
153 23
154 28
155 28
156 19
157 19
158 17
159 24
160 23
161 15
162 17
163 12
164 15
165 10
166 15
167 16
168 16
169 8
170 18
171 15
172 25
173 24
174 18
175 21
176 14
177 15
178 14
179 9
180 9
181 15
182 16
183 7
184 13
185 21
186 15
187 17
188 20
189 6
190 16
191 11
192 18
193 7
194 9
195 12
196 7
197 7
198 9
199 7
200 12
201 9
202 10
203 10
204 14
205 10
206 12
207 6
208 8
209 6
210 11
211 8
212 8
213 10
214 18
215 13
216 10
217 4
218 13
219 7
220 6
221 7
222 4
223 6
224 6
225 7
226 11
227 8
228 11
229 6
230 8
231 8
232 8
233 7
234 8
235 9
236 9
237 7
238 12
239 6
240 2
241 4
242 12
243 7
244 3
245 4
246 6
247 4
248 5
249 6
250 2
251 6
252 7
253 4
254 3
255 2
256 3
257 7
258 5
259 6
260 6
261 3
262 3
263 4
264 9
265 2
267 4
268 7
269 3
270 3
271 7
272 4
273 3
274 5
275 6
276 1
277 2
278 5
279 3
280 4
281 3
282 4
283 2
284 6
285 2
286 3
287 2
288 4
289 1
290 4
291 3
292 4
293 2
294 3
295 5
296 3
297 1
298 6
299 2
300 4
301 1
302 4
303 3
304 4
305 1
306 2
307 7
308 2
309 4
310 1
311 1
313 3
314 6
315 1
317 2
319 5
320 5
321 1
322 1
323 1
324 2
325 6
327 2
328 2
330 5
331 3
333 1
334 1
335 3
336 3
337 5
338 2
339 3
340 2
341 2
342 2
343 1
345 1
347 1
348 3
351 2
352 2
353 1
354 1
356 1
358 1
359 1
360 1
362 1
363 1
366 2
367 3
368 1
369 3
370 2
372 3
373 1
374 2
375 3
377 1
378 2
379 4
380 1
381 1
382 1
383 3
384 1
385 1
386 1
388 2
390 2
392 2
394 1
395 2
399 2
401 3
402 2
404 1
405 1
406 1
408 2
409 3
411 1
412 2
414 1
418 2
419 1
420 1
421 3
423 2
425 2
427 2
428 1
429 1
430 1
431 1
432 1
434 3
435 2
437 1
438 1
439 1
441 3
442 3
445 1
447 1
449 1
450 1
451 2
452 1
455 2
456 1
458 1
459 1
460 1
461 1
463 2
465 2
468 1
473 1
474 6
475 2
478 2
480 1
481 1
482 1
486 2
488 1
489 1
494 2
497 1
498 1
499 1
502 1
505 2
506 1
508 1
511 1
513 1
515 2
518 1
519 1
522 1
523 3
526 2
530 1
532 1
538 1
542 1
543 1
547 2
548 2
551 2
556 3
557 1
563 1
565 1
566 1
571 1
576 1
577 1
579 1
581 1
584 1
585 1
588 1
595 1
596 1
603 1
605 2
611 1
627 1
628 1
629 1
637 1
647 2
655 1
656 1
658 1
661 1
662 1
665 1
681 2
682 1
685 1
687 1
691 1
694 1
696 1
700 1
709 1
712 1
715 2
722 1
726 2
727 1
735 1
740 1
743 1
762 1
763 1
773 2
774 1
779 1
780 2
805 1
824 1
836 1
837 1
840 1
850 1
863 1
871 1
875 1
880 1
889 1
899 2
904 1
919 1
922 1
928 1
964 1
988 1
998 1
1000 1
1001 1
1022 1
1031 1
1032 1
1055 1
1069 1
1127 1
1157 1
1169 1
1182 1
1194 1
1221 1
1237 1
1257 1
1474 1
1582 1
1584 1
1845 1
1900 1
1904 1
4249 1
End File
File: while_per_func.d
-3 1
-1 4
0 48636
1 4219
2 825
3 256
4 97
5 38
6 44
7 22
8 15
9 8
10 6
11 2
12 1
13 4
15 1
16 2
17 1
18 1
19 1
20 1
25 1
73 1
End File
File: for_per_func.d
0 43130
1 7044
2 2260
3 808
4 410
5 181
6 129
7 70
8 46
9 21
10 21
11 19
12 9
13 7
14 4
15 4
16 4
17 6
19 5
20 1
21 2
22 1
26 1
30 1
31 2
35 1
End File
File: do_per_func.d
0 49154
1 2100
2 885
3 1001
4 388
5 133
6 197
7 53
8 63
9 40
10 47
11 15
12 19
13 21
14 16
15 8
16 4
17 5
18 3
19 2
20 1
21 4
22 3
23 1
24 4
26 1
27 1
28 1
32 3
33 2
35 1
39 1
40 1
41 1
44 1
45 1
46 1
47 1
57 1
70 1
133 2
End File
File: if_per_func.d
0 18232
1 10579
2 6432
3 4416
4 3052
5 2349
6 1746
7 1198
8 979
9 763
10 644
11 495
12 394
13 359
14 310
15 245
16 225
17 185
18 168
19 148
20 131
21 115
22 93
23 69
24 70
25 57
26 67
27 55
28 44
29 33
30 36
31 39
32 25
33 34
34 20
35 23
36 25
37 20
38 12
39 13
40 16
41 10
42 12
43 12
44 5
45 14
46 9
47 8
48 13
49 1
50 10
51 10
52 15
53 7
54 7
55 9
56 2
57 3
58 6
59 5
60 5
61 4
62 1
63 5
64 4
65 1
66 6
67 3
68 1
69 4
70 2
71 1
72 1
74 1
75 2
76 1
77 3
78 2
80 2
81 1
82 1
83 3
85 1
86 1
87 1
88 3
89 6
91 2
92 1
93 1
94 1
95 2
96 5
97 1
98 1
99 1
102 2
103 3
105 1
106 2
108 1
109 2
111 1
112 1
118 1
119 1
125 2
127 1
131 2
135 1
151 3
152 1
158 1
167 1
174 1
219 1
225 1
523 1
559 1
End File
File: else_per_func.d
.FILE 1
0 39049
1 8046
2 2891
3 1491
4 842
5 556
6 370
7 220
8 150
9 116
10 71
11 60
12 44
13 35
14 38
15 31
16 24
17 19
18 14
19 12
20 12
21 9
22 9
23 1
24 3
25 7
26 7
27 6
28 6
29 4
30 4
31 2
32 3
33 1
34 2
35 1
36 1
37 2
38 3
39 1
40 2
41 6
43 1
45 2
46 1
50 1
53 1
54 1
56 2
59 1
64 1
73 1
92 1
122 1
151 1
End File
File: switch_per_func.d
0 49964
1 3353
2 500
3 187
4 61
5 50
6 20
7 11
8 6
9 8
10 2
11 2
12 4
13 2
14 2
15 1
17 2
18 2
20 1
22 2
23 2
25 1
31 1
34 1
38 1
39 1
End File
File: cmpd_per_func.d
1 16180
2 10220
3 5904
4 4328
5 2864
6 2220
7 2351
8 1263
9 863
10 824
11 701
12 539
13 468
14 374
15 307
16 400
17 364
18 434
19 449
20 221
21 162
22 164
23 129
24 92
25 100
26 84
27 97
28 115
29 75
30 66
31 71
32 35
33 42
34 25
35 55
36 36
37 108
38 27
39 22
40 38
41 84
42 18
43 37
44 33
45 18
46 16
47 17
48 11
49 21
50 23
51 18
52 18
53 8
54 5
55 8
56 13
57 22
58 66
59 10
60 191
61 38
62 7
63 20
64 6
65 10
66 8
67 19
68 5
69 7
70 11
71 12
72 21
73 6
74 31
75 8
76 5
77 8
78 3
79 4
80 14
81 10
82 5
83 8
84 14
85 35
86 6
87 8
88 9
89 1
90 2
91 2
92 34
93 31
95 3
96 10
97 6
98 1
99 3
100 5
101 1
102 8
103 1
104 5
105 5
106 1
108 1
109 4
110 5
111 4
112 3
113 4
114 7
115 1
116 4
117 8
118 3
119 1
120 1
121 2
122 20
124 3
125 3
126 3
127 2
129 4
131 11
132 1
134 1
136 1
139 1
141 2
145 1
148 7
150 5
155 2
158 1
162 5
163 3
169 4
171 7
174 1
181 2
183 1
185 4
187 28
190 1
193 2
196 2
200 1
207 13
211 1
216 1
234 1
237 28
238 3
241 1
244 1
251 1
254 1
259 1
262 1
268 1
269 2
270 3
278 1
287 1
290 1
293 2
294 2
307 1
310 1
313 3
326 2
344 1
374 1
389 1
420 1
437 2
471 7
496 2
498 1
542 1
544 1
579 2
786 2
1012 2
1025 1
1634 1
End File
File: allident_per_func.d
0 1423
1 627
2 1571
3 1678
4 1763
5 1291
6 1349
7 1098
8 1172
9 1235
10 1092
11 993
12 1061
13 1061
14 877
15 960
16 835
17 864
18 806
19 712
20 822
21 641
22 699
23 689
24 653
25 601
26 565
27 561
28 515
29 568
30 576
31 486
32 498
33 462
34 481
35 439
36 434
37 449
38 451
39 390
40 414
41 380
42 381
43 379
44 363
45 315
46 311
47 309
48 285
49 310
50 296
51 298
52 279
53 279
54 298
55 265
56 278
57 269
58 267
59 208
60 257
61 206
62 212
63 248
64 192
65 202
66 185
67 183
68 178
69 185
70 211
71 159
72 158
73 176
74 163
75 154
76 155
77 147
78 154
79 171
80 152
81 161
82 145
83 146
84 166
85 134
86 136
87 166
88 143
89 139
90 106
91 118
92 133
93 112
94 137
95 132
96 119
97 100
98 115
99 116
100 115
101 103
102 97
103 105
104 76
105 93
106 86
107 94
108 95
109 100
110 98
111 77
112 99
113 74
114 83
115 68
116 89
117 66
118 84
119 70
120 78
121 80
122 67
123 76
124 73
125 75
126 75
127 77
128 61
129 73
130 64
131 61
132 71
133 55
134 62
135 46
136 52
137 54
138 52
139 57
140 63
141 51
142 40
143 61
144 45
145 53
146 48
147 46
148 34
149 46
150 38
151 47
152 54
153 43
154 48
155 35
156 49
157 46
158 27
159 39
160 41
161 41
162 37
163 51
164 38
165 41
166 32
167 49
168 41
169 42
170 29
171 37
172 44
173 38
174 43
175 23
176 21
177 22
178 30
179 27
180 31
181 30
182 22
183 26
184 35
185 27
186 24
187 23
188 25
189 34
190 23
191 25
192 23
193 17
194 28
195 25
196 27
197 31
198 43
199 25
200 18
201 46
202 32
203 22
204 21
205 30
206 20
207 25
208 26
209 23
210 15
211 21
212 19
213 20
214 27
215 19
216 23
217 27
218 16
219 18
220 27
221 13
222 16
223 20
224 21
225 35
226 15
227 26
228 13
229 16
230 17
231 11
232 24
233 19
234 17
235 18
236 21
237 10
238 16
239 17
240 14
241 13
242 15
243 19
244 15
245 17
246 12
247 16
248 17
249 19
250 13
251 22
252 21
253 14
254 12
255 13
256 10
257 15
258 15
259 12
260 14
261 16
262 13
263 8
264 17
265 10
266 4
267 11
268 12
269 14
270 15
271 8
272 15
273 10
274 11
275 6
276 11
277 17
278 12
279 8
280 9
281 5
282 18
283 9
284 8
285 8
286 7
287 8
288 8
289 10
290 4
291 9
292 9
293 10
294 10
295 10
296 13
297 9
298 9
299 8
300 9
301 12
302 7
303 7
304 9
305 5
306 3
307 8
308 7
309 9
310 5
311 8
312 4
313 9
314 7
315 5
316 9
317 1
318 16
319 7
320 11
321 6
322 5
323 4
324 10
325 12
326 6
327 6
328 5
329 8
330 5
331 6
332 11
333 5
334 6
335 8
336 6
337 7
338 11
339 12
340 8
341 5
342 8
343 5
344 13
345 10
346 10
347 6
348 4
349 8
350 5
351 2
352 8
353 5
354 8
355 5
356 8
357 11
358 7
359 3
360 5
361 3
362 4
363 7
364 6
365 8
366 3
367 8
368 4
369 6
370 6
371 3
372 5
373 4
374 6
375 4
376 3
377 4
378 5
379 4
380 3
381 6
382 4
383 7
384 5
385 3
386 6
387 5
388 6
389 4
390 5
391 5
392 4
393 4
394 6
395 5
396 1
397 2
398 5
399 3
400 5
401 3
402 3
403 5
404 2
405 4
406 1
407 2
408 2
409 2
410 3
411 2
412 3
413 6
414 2
415 2
416 3
417 4
418 3
419 4
420 2
421 4
422 5
423 1
424 3
425 3
426 4
427 3
428 9
429 6
430 4
431 3
432 2
433 3
434 5
435 4
436 9
437 6
438 2
439 6
440 2
441 1
442 1
443 3
444 3
445 7
446 3
447 3
448 3
449 2
450 2
451 2
452 7
453 1
454 1
455 1
456 3
457 1
458 1
459 5
460 1
461 1
462 1
463 2
464 1
466 2
467 12
468 2
469 4
470 2
471 4
472 5
474 2
475 2
476 3
477 2
478 2
479 4
480 3
481 2
484 2
486 2
487 1
489 1
490 1
491 2
492 4
494 1
495 3
496 1
497 1
498 3
500 2
501 1
502 4
503 2
504 2
505 3
507 1
509 2
510 1
511 2
512 2
513 1
514 1
515 2
516 4
517 1
518 2
520 3
521 1
522 2
523 1
524 3
525 1
526 1
527 3
528 2
530 1
532 1
533 1
534 2
535 3
536 3
537 1
538 1
540 1
542 1
543 1
544 2
545 4
546 2
547 2
548 2
549 3
550 2
551 2
553 2
557 2
559 1
560 1
562 1
564 1
566 1
567 1
568 1
569 1
571 3
572 1
574 2
576 3
577 1
580 1
581 2
582 3
583 3
584 3
585 3
586 1
588 2
589 1
590 1
591 1
593 2
594 1
595 1
597 3
598 3
599 1
601 3
602 5
603 1
604 2
606 2
607 3
608 1
609 1
611 2
612 2
615 2
616 2
618 1
619 3
624 2
625 1
627 1
629 2
630 3
632 1
633 1
634 1
635 1
636 1
639 2
641 3
644 2
645 1
646 2
649 1
650 3
657 1
658 1
659 1
661 1
664 1
670 1
674 2
676 1
678 1
684 2
685 2
686 1
688 2
690 2
691 1
692 1
693 2
694 1
695 1
696 1
697 1
698 4
701 1
702 1
703 1
705 1
706 5
707 1
708 2
709 1
710 1
713 2
719 2
721 3
724 1
727 2
728 3
729 1
733 1
735 2
746 1
751 2
752 1
753 1
756 1
759 1
761 1
764 1
765 1
767 1
770 1
771 1
773 2
775 1
777 3
778 3
779 1
782 1
784 1
787 1
790 1
795 2
799 1
803 1
810 1
816 1
818 1
820 1
821 1
823 3
827 1
828 2
831 1
838 1
843 1
851 2
853 1
855 1
859 1
863 1
866 1
867 1
868 1
875 2
876 1
883 1
892 1
893 1
897 1
898 1
910 1
911 2
916 2
917 1
918 1
919 3
923 1
934 1
937 1
939 1
940 2
943 1
944 3
950 1
953 1
955 1
956 1
963 1
967 1
974 1
979 1
993 1
995 2
1005 1
1020 1
1022 1
1027 1
1028 1
1031 1
1042 2
1043 1
1047 1
1049 1
1050 1
1053 1
1056 2
1059 1
1061 1
1074 1
1076 2
1078 1
1086 1
1091 1
1097 1
1101 1
1102 1
1108 1
1116 1
1118 1
1124 2
1142 2
1156 1
1165 1
1167 1
1175 1
1179 1
1182 1
1191 1
1193 1
1200 2
1206 1
1232 1
1236 1
1242 1
1249 1
1254 1
1273 1
1282 2
1283 1
1293 1
1316 1
1329 1
1342 1
1346 1
1347 1
1363 1
1364 1
1374 1
1387 1
1419 1
1434 1
1437 1
1451 1
1468 1
1489 1
1499 1
1501 1
1518 1
1546 2
1573 1
1590 1
1631 1
1632 1
1638 2
1756 1
1781 1
1785 1
1806 1
1843 1
1874 1
1875 1
1885 1
1887 1
1912 1
1963 2
2031 1
2079 1
2252 1
2297 1
2321 1
2374 1
2681 1
2754 1
2874 1
3066 1
3309 1
3435 1
3439 1
3544 1
3707 1
4247 1
6703 1
9647 1
End File
File: uident_per_func.d
0 1552
1 2136
2 4265
3 4705
4 5110
5 4452
6 4202
7 3417
8 3000
9 2713
10 2209
11 1997
12 1691
13 1440
14 1379
15 1189
16 981
17 877
18 790
19 671
20 579
21 510
22 511
23 407
24 364
25 273
26 261
27 271
28 238
29 185
30 164
31 148
32 148
33 105
34 118
35 99
36 67
37 101
38 63
39 68
40 47
41 69
42 65
43 38
44 38
45 29
46 35
47 34
48 31
49 34
50 24
51 23
52 10
53 15
54 14
55 15
56 13
57 4
58 13
59 12
60 4
61 11
62 10
63 6
64 10
65 9
66 7
67 2
68 5
69 2
70 6
71 4
72 4
73 5
74 5
75 6
77 6
78 1
79 4
80 2
81 2
82 2
83 2
85 2
86 1
87 2
88 3
89 2
90 1
92 1
93 1
94 1
95 1
98 2
99 2
100 1
104 1
106 2
109 2
110 1
111 1
112 1
113 1
114 2
116 1
121 1
122 1
129 1
133 1
136 3
139 1
140 1
142 1
145 1
149 1
152 1
153 1
159 1
166 1
170 1
178 1
187 1
219 1
264 1
End File
File: select_per_func.d
0 17482
1 10828
2 6517
3 4441
4 3102
5 2366
6 1781
7 1244
8 1032
9 774
10 646
11 521
12 400
13 362
14 322
15 258
16 252
17 178
18 182
19 164
20 135
21 120
22 91
23 75
24 78
25 57
26 74
27 59
28 45
29 35
30 36
31 42
32 25
33 31
34 28
35 17
36 27
37 19
38 18
39 21
40 14
41 15
42 10
43 13
44 7
45 7
46 17
47 8
48 8
49 5
50 8
51 8
52 14
53 7
54 9
55 11
56 3
57 2
58 5
59 5
60 8
61 5
62 2
63 4
64 3
65 2
66 8
67 2
68 1
69 4
70 3
71 1
72 1
73 3
74 2
75 2
77 1
78 2
79 1
80 1
81 1
82 1
83 2
84 2
86 3
87 1
88 2
89 6
91 2
92 2
93 1
94 3
95 2
96 2
97 2
98 1
99 1
100 2
101 1
102 1
103 2
105 3
106 1
108 1
109 1
110 1
115 1
116 1
123 1
125 1
127 2
132 2
133 2
135 1
140 1
151 1
153 1
154 2
159 1
167 1
178 1
221 1
239 1
525 1
597 1
End File
File: iter_per_func.d
0 35791
1 9919
2 3679
3 2073
4 997
5 472
6 398
7 218
8 147
9 99
10 90
11 64
12 31
13 34
14 35
15 25
16 14
17 9
18 13
19 10
20 7
21 10
22 4
23 7
24 2
25 1
26 3
27 2
28 4
29 2
30 1
31 1
32 3
34 1
35 3
36 1
37 1
39 1
40 1
41 1
42 1
43 1
46 1
48 1
52 1
54 1
59 1
61 1
64 1
72 1
74 1
136 2
End File
File: break_per_func.d
0 47567
1 2354
2 1102
3 825
4 698
5 294
6 266
7 153
8 167
9 113
10 81
11 46
12 73
13 57
14 33
15 43
16 41
17 24
18 18
19 18
20 17
21 13
22 10
23 11
24 12
25 4
26 6
27 8
28 7
29 6
30 6
31 4
32 3
33 8
34 4
35 5
36 13
37 3
38 3
39 3
40 1
42 5
43 2
44 4
45 2
46 3
47 4
49 2
50 5
51 2
52 1
54 1
55 1
56 2
57 2
59 3
60 2
61 1
62 1
63 1
64 1
69 1
72 1
75 1
81 1
88 2
90 1
101 1
104 1
109 3
118 1
122 1
127 1
138 1
156 1
214 1
322 1
327 1
441 1
963 1
End File
File: continue_per_func.d
0 52297
1 1063
2 380
3 206
4 96
5 43
6 44
7 21
8 5
9 7
10 6
11 3
12 5
14 2
15 2
16 1
17 1
19 1
21 1
22 1
25 1
28 1
End File
File: return_per_func.d
0 20584
1 17256
2 7858
3 3576
4 1796
5 1025
6 536
7 411
8 243
9 165
10 133
11 83
12 69
13 62
14 45
15 48
16 30
17 30
18 23
19 26
20 15
21 10
22 15
23 11
24 10
25 11
26 9
27 9
28 10
29 6
30 4
31 4
32 9
33 6
34 3
35 2
36 4
37 4
38 5
39 3
40 1
41 2
42 3
43 1
44 1
45 1
47 1
48 1
49 1
50 2
52 1
53 1
54 1
56 5
62 1
65 1
66 1
68 1
71 1
80 1
84 1
86 1
88 1
90 1
92 1
105 1
111 1
150 1
156 1
185 1
End File
File: goto_per_func.d
0 51456
1 899
2 673
3 306
4 226
5 149
6 129
7 65
8 53
9 37
10 28
11 25
12 15
13 23
14 16
15 9
16 10
17 13
18 10
19 1
20 6
21 3
22 3
23 1
24 4
25 1
26 1
27 3
28 2
29 1
32 1
39 1
42 1
49 1
50 1
59 1
69 1
79 1
101 1
119 1
125 1
141 1
148 1
165 1
178 1
190 1
294 1
362 1
700 1
End File
File: jump_per_func.d
0 18521
1 14933
2 7700
3 4118
4 2421
5 1546
6 1031
7 768
8 606
9 428
10 312
11 231
12 183
13 186
14 131
15 141
16 107
17 66
18 73
19 66
20 56
21 46
22 43
23 30
24 28
25 35
26 21
27 32
28 19
29 11
30 14
31 13
32 17
33 15
34 13
35 8
36 11
37 19
38 14
39 4
40 9
41 2
42 8
43 5
44 6
45 5
46 5
47 8
48 5
49 3
50 5
51 3
52 4
53 2
54 1
55 2
56 5
57 6
58 3
59 3
60 3
61 2
62 6
63 1
64 3
65 1
66 1
67 1
68 1
69 1
71 3
74 2
76 2
77 1
79 1
80 1
81 1
84 1
88 1
89 1
90 1
92 1
97 1
98 2
100 1
101 1
102 1
106 1
108 1
111 2
113 1
116 2
120 1
125 2
128 1
129 1
130 1
131 1
146 1
157 1
158 1
159 3
163 1
164 1
169 1
177 1
185 1
188 1
192 1
200 1
201 1
255 1
264 1
299 1
341 1
356 1
429 1
471 1
949 1
988 1
End File
File: expr_per_func.d
-311 1
-64 2
-3 2
0 5672
1 5656
2 4861
3 3875
4 3212
5 2705
6 2380
7 2048
8 1907
9 1611
10 1518
11 1297
12 1166
13 1081
14 1030
15 893
16 877
17 738
18 691
19 648
20 674
21 535
22 551
23 436
24 395
25 436
26 324
27 342
28 312
29 303
30 289
31 258
32 245
33 220
34 187
35 237
36 187
37 217
38 206
39 153
40 147
41 139
42 144
43 135
44 118
45 111
46 115
47 91
48 104
49 83
50 113
51 95
52 81
53 80
54 86
55 82
56 71
57 61
58 55
59 61
60 56
61 60
62 35
63 49
64 40
65 48
66 50
67 42
68 46
69 48
70 36
71 42
72 28
73 35
74 40
75 26
76 30
77 45
78 23
79 21
80 37
81 19
82 25
83 24
84 24
85 23
86 15
87 15
88 18
89 13
90 22
91 16
92 15
93 26
94 15
95 14
96 13
97 14
98 9
99 13
100 10
101 20
102 13
103 12
104 13
105 11
106 13
107 14
108 11
109 5
110 9
111 12
112 17
113 17
114 9
115 13
116 8
117 11
118 7
119 8
120 6
121 6
122 12
123 3
124 8
125 5
126 8
127 7
128 6
129 5
130 3
131 6
132 5
133 4
134 4
135 3
136 5
137 5
138 5
139 4
140 3
141 8
142 12
143 5
144 2
145 5
146 2
147 5
148 7
149 10
150 6
151 6
152 1
153 4
154 3
155 3
156 2
157 5
158 6
159 1
160 5
161 3
162 4
163 4
164 4
165 1
166 2
167 2
168 2
169 4
170 1
171 7
172 1
173 3
174 6
175 1
176 1
178 1
179 3
180 4
181 1
182 2
183 1
184 1
186 3
187 3
189 1
191 5
192 5
193 2
194 1
196 5
197 1
198 3
199 1
200 3
203 1
204 1
205 3
207 2
208 1
209 1
211 3
213 1
214 1
215 3
216 3
218 2
219 1
221 3
222 2
223 1
224 1
225 2
231 1
235 2
236 1
237 1
238 1
241 1
242 2
244 2
251 1
252 1
259 1
260 1
261 3
262 1
263 3
266 2
272 2
273 2
274 1
275 1
279 1
282 2
283 1
284 2
285 1
291 2
294 1
297 1
298 1
304 1
306 2
307 1
308 1
309 1
310 1
311 1
312 1
317 1
318 1
319 2
322 1
325 1
326 1
327 1
335 1
342 1
344 1
346 1
348 1
353 1
354 1
360 1
369 1
375 1
376 1
381 1
387 1
407 1
408 1
410 1
415 1
427 1
436 1
440 1
443 1
467 1
485 1
496 1
514 1
525 1
526 1
528 1
535 1
607 1
608 1
652 1
689 1
694 1
916 1
1378 1
1433 1
1521 1
1853 1
3989 1
End File
