File: extfunc.d
0 906
1 273
2 119
3 126
4 79
5 77
6 83
7 59
8 77
9 33
10 30
11 24
12 40
13 25
14 22
15 20
16 27
17 16
18 22
19 24
20 20
21 7
22 3
23 16
24 14
25 45
26 8
27 13
28 27
29 21
30 1
31 3
32 6
33 4
34 1
35 7
36 4
37 5
38 2
41 10
42 18
43 54
44 31
45 29
46 7
47 7
48 3
49 6
50 16
51 13
52 4
53 3
54 2
55 1
56 43
57 3
58 5
59 3
60 3
61 3
62 2
64 1
65 1
66 1
67 1
68 1
69 1
74 2
76 1
77 1
78 1
79 3
80 2
81 3
82 12
83 2
84 4
86 2
87 3
89 2
90 1
91 1
92 4
93 1
94 3
95 2
96 1
99 1
100 1
101 2
103 2
106 1
107 1
108 1
109 1
118 2
120 4
121 1
123 3
127 1
128 1
End File
File: intfunc.d
0 1714
1 498
2 222
3 82
4 47
5 29
6 15
7 6
8 6
9 2
10 2
11 5
12 1
13 1
14 1
15 2
16 1
End File
File: extobj.d
0 1380
1 398
2 127
3 65
4 43
5 99
6 30
7 32
8 26
9 56
10 19
11 13
12 3
13 4
14 4
15 5
16 12
17 7
18 1
19 31
20 21
21 13
22 8
23 57
24 15
25 8
26 10
27 6
28 42
29 26
30 8
31 2
32 1
33 4
34 3
35 4
36 7
37 9
38 7
39 5
40 2
41 7
42 1
43 1
45 1
46 4
47 2
48 3
80 1
86 1
End File
File: intobj.d
0 1328
1 451
2 112
3 71
4 104
5 14
6 16
7 9
8 45
9 9
10 17
11 89
12 115
13 52
14 13
15 6
16 4
17 9
18 2
19 8
20 37
21 9
22 3
23 3
24 4
25 8
26 3
27 2
28 1
30 1
32 1
33 2
37 1
38 1
39 1
40 1
41 2
42 1
43 1
44 1
45 1
46 1
47 3
48 3
49 4
50 1
51 2
53 1
55 5
59 1
60 1
62 1
65 1
66 2
67 1
68 1
69 1
131 1
136 3
137 1
138 2
139 8
140 1
141 2
143 4
144 1
148 1
153 1
156 1
157 2
158 6
161 9
162 2
163 1
166 1
End File
