num internal func 20319
multiply declared internal func 127
num internal obj 192490
multiply declared internal obj 1514
File: globcount.d
0 330
1 291
2 233
3 120
4 127
5 82
6 83
7 64
8 82
9 32
10 26
11 29
12 38
13 42
14 54
15 39
16 40
17 30
18 15
19 10
20 6
21 10
22 7
23 32
24 30
25 20
26 6
27 10
28 14
29 5
30 20
31 11
32 2
33 7
34 2
35 1
36 3
37 5
38 2
39 2
40 6
41 15
42 26
43 8
44 15
45 17
46 12
47 8
48 5
49 11
50 6
51 10
52 12
53 3
54 8
55 5
56 4
57 10
58 10
59 3
60 7
61 4
62 2
63 2
64 4
65 2
68 3
69 4
70 4
71 3
72 11
73 15
74 21
75 7
76 6
77 9
78 4
79 1
80 21
81 13
82 10
83 8
84 3
85 3
86 4
87 3
89 1
90 24
91 17
92 11
93 21
94 27
95 7
96 2
97 4
98 6
99 5
100 6
101 8
102 9
103 12
104 4
105 1
106 5
107 5
108 4
109 6
111 4
112 1
113 1
115 3
116 3
117 3
118 1
119 2
120 4
121 1
123 1
124 1
126 2
128 1
130 2
133 1
135 1
137 1
140 1
145 1
148 1
149 1
150 3
151 1
154 2
155 1
156 1
160 2
165 2
166 1
167 4
168 1
170 1
171 1
172 1
176 1
177 2
178 2
179 2
180 1
181 4
182 1
183 1
184 2
186 1
189 2
190 1
191 2
192 1
194 2
195 1
197 2
198 1
200 2
206 2
208 1
209 3
210 2
211 1
212 1
213 2
214 2
215 1
216 1
217 3
218 2
220 1
222 1
223 1
224 1
226 1
228 1
230 1
233 1
235 1
End File
