file-scope 153094 function-defs 53630 parameters 109710 block-scope 258971
File: locscope.d
1 224276
2 15559
3 11585
4 5481
5 2589
6 1317
7 415
8 241
9 449
10 61
11 15
12 10
13 4
14 1
23 79
End File
File: paramcount.d
0 5781 10.8
1 18063 33.7
2 13275 24.8
3 8409 15.7
4 4532 8.5
5 1846 3.4
6 856 1.6
7 370 0.7
8 234 0.4
9 112 0.2
10 63 0.1
11 25 0.0
12 19 0.0
13 10 0.0
14 5 0.0
15 3 0.0
16 2 0.0
17 1 0.0
18 10 0.0
19 2 0.0
20 1 0.0
21 1 0.0
22 10 0.0
End File
File: paramsize.d
1 68
2 64
4 24
6 16
6 60
63 12
63 20
420 8
2259 2
2272 1
104700 4
End File
File: totparamsize.d
17617 4
12469 8
7706 12
5781 0
4141 16
1682 20
695 24
549 5
428 6
352 28
304 9
289 10
219 2
212 32
159 14
135 1
131 13
99 17
88 36
84 18
71 21
66 7
59 22
57 40
27 3
22 44
21 30
20 11
18 25
17 48
17 26
16 60
12 76
8 34
6 52
6 29
6 27
6 19
4 64
4 39
4 23
4 15
2 58
2 56
2 50
2 37
1 88
1 84
1 80
1 72
1 68
1 54
1 46
1 45
1 42
1 38
1 33
End File
File: locobjcnt.d
0 2600
1 7574
2 8889
3 7942
4 6211
5 4743
6 3551
7 2610
8 2018
9 1622
10 1197
11 902
12 669
13 544
14 456
15 337
16 257
17 217
18 191
19 161
20 145
21 105
22 100
23 62
24 64
25 39
26 54
27 44
28 32
29 24
30 30
31 15
32 25
33 19
34 15
35 12
36 10
37 8
38 13
39 5
40 8
41 2
42 6
43 9
44 2
45 5
46 4
47 6
48 5
49 3
50 3
51 4
52 4
53 3
54 2
55 1
56 5
57 2
58 2
59 1
60 1
62 2
63 1
64 1
65 1
66 1
67 1
69 2
72 1
73 1
75 3
77 3
81 1
83 2
84 1
85 1
91 1
93 2
94 1
99 1
101 2
102 1
103 1
104 1
108 1
111 1
113 1
119 1
165 1
215 1
259 1
299 1
End File
File: loctagcnt.d
0 53554
1 59
2 12
3 3
4 1
5 1
End File
File: loctypedefcnt.d
0 53624
1 3
2 3
End File
File: loceconstcnt.d
0 53560
1 2
2 1
3 28
4 12
5 7
6 4
7 3
9 5
10 2
11 3
15 1
29 1
38 1
End File
File: locsize.d
1 1001
1 1023
1 10240
1 1040
1 1096
1 110
1 1168
1 1176
1 125
1 127
1 130
1 131072
1 134
1 135
1 1384
1 1396
1 1420
1 151
1 1514
1 1536
1 161
1 1616
1 1628
1 16385
1 1652
1 168
1 1688
1 174
1 188
1 19216
1 208
1 220
1 225444
1 244
1 248
1 250
1 2560
1 27
1 275
1 280
1 2888
1 3000
1 3012
1 304
1 312
1 3216
1 3332
1 336
1 35
1 352
1 364
1 37440
1 3804
1 38432
1 3868
1 392
1 4000
1 40832
1 412
1 4120
1 416
1 4230
1 45
1 4624
1 4800
1 4824
1 510
1 5120
1 51264
1 5144
1 520
1 524
1 55
1 552
1 580
1 592
1 63
1 6300
1 6424
1 660
1 704
1 720
1 7200
1 76832
1 8006
1 80120
1 8193
1 85
1 8724
1 90
1 9216
2 1025
2 1028
2 1200
2 12288
2 1228800
2 12289
2 12300
2 138
2 1458
2 150
2 1500
2 158
2 170
2 195
2 197
2 2000
2 2097152
2 24000
2 276
2 320
2 390
2 40000
2 404
2 424
2 46
2 488
2 528
2 560
2 61
2 64064
2 696
2 71
2 744
2 892
3 1056
3 1136
3 114
3 12000
3 1280
3 133
3 1600
3 172
3 2060
3 2080
3 2400
3 260
3 284
3 288
3 29
3 384
3 420
3 444
3 513
3 54
3 6000
3 64000
3 8104
3 86
4 144
4 148
4 152
4 184
4 1920
4 257
4 42
4 64032
4 65
4 81920
5 101
5 116
5 262144
5 31
5 32768
5 340
5 4095
5 49
5 524288
5 81
6 1076
6 1450
6 15
6 164
6 176
6 272
6 308
6 716
6 728
7 108
7 124
7 13
7 136
7 268
7 344
7 500
7 640
8 156
8 800
9 129
9 3072
9 37
9 65536
11 8228
12 1400
12 23
14 34
15 1000
15 240
16 22
16 25
16 26
17 112
17 19
18 368
18 76
19 120
19 132
19 66
20 16384
21 17
22 400
22 50
23 11
23 200
24 196
25 140
25 768
27 104
27 38
28 5
29 21
30 255
30 88
33 7
34 300
34 33
36 0
40 636
41 372
42 3
46 84
49 14
49 2048
52 160
52 9
53 18
60 30
68 4096
73 68
78 72
92 512
94 44
99 8192
106 60
110 192
111 96
115 10
119 6
123 56
124 52
145 36
183 48
189 100
241 256
251 1024
278 128
313 28
326 92
358 80
362 64
387 40
446 32
474 20
903 24
1049 16
2448 12
2843 8
4263 2
5457 1
128324 4
End File
File: totlocalsize.d
17126 0
9375 4
6019 8
3541 12
2400 16
1744 20
1181 24
928 28
771 32
584 36
442 52
424 40
368 5
320 44
294 1
285 9
269 48
229 6
226 10
209 56
209 13
203 2
194 60
167 64
163 14
160 17
148 72
148 68
142 18
137 21
128 100
121 96
109 80
107 84
99 26
98 25
98 22
94 92
94 30
92 88
87 76
87 104
79 29
77 108
74 33
63 136
62 38
59 37
57 116
56 1028
53 7
53 41
53 132
52 112
51 140
50 45
50 34
48 120
47 42
47 128
46 19
44 23
44 144
44 11
42 1032
39 200
36 264
36 124
35 46
35 31
35 3
33 27
33 172
30 62
30 50
28 152
27 160
26 53
26 268
26 164
25 208
24 49
24 260
24 148
23 58
23 156
22 54
22 15
21 176
20 168
20 1036
19 81
19 66
19 184
18 69
18 39
18 272
17 61
17 57
17 212
16 70
16 280
16 256
16 224
16 204
15 35
15 276
15 244
15 180
14 86
14 284
14 220
14 192
14 1024
13 82
13 78
13 74
13 65
13 216
13 196
13 114
13 101
12 90
12 8204
12 316
12 300
12 292
12 2068
12 137
12 1040
11 85
11 8200
11 73
11 516
11 248
11 188
10 77
10 43
10 304
10 105
9 94
9 8196
9 71
9 55
9 524
9 47
9 4100
9 404
9 312
9 232
9 2056
9 126
8 98
8 97
8 93
8 4104
8 288
8 228
8 125
8 122
8 121
8 110
7 59
7 520
7 428
7 336
7 308
7 296
7 157
7 118
7 117
7 1044
7 102
6 95
6 83
6 8232
6 784
6 75
6 63
6 51
6 4108
6 396
6 389
6 352
6 328
6 324
6 178
6 146
6 138
6 113
6 1048
5 87
5 8272
5 79
5 788
5 67
5 600
5 518
5 468
5 420
5 416
5 408
5 405
5 384
5 364
5 340
5 332
5 320
5 3076
5 252
5 2060
5 189
5 16476
5 161
5 150
5 142
5 141
5 133
5 1056
5 103
4 930
4 89
4 8220
4 8216
4 752
4 644
4 568
4 536
4 532
4 436
4 424
4 412
4 344
4 236
4 225
4 2088
4 2076
4 202
4 194
4 166
4 16416
4 162
4 153
4 145
4 119
4 109
4 1080
4 1068
4 1064
3 99
3 91
3 896
3 8288
3 8208
3 804
3 780
3 704
3 648
3 588
3 564
3 560
3 544
3 540
3 496
3 440
3 4124
3 4107
3 376
3 372
3 361
3 325
3 313
3 310
3 258
3 240
3 213
3 2096
3 2092
3 2072
3 2052
3 205
3 18040
3 175
3 174
3 170
3 16432
3 16417
3 158
3 1424
3 134
3 1320
3 1292
3 129
3 128096
3 115
3 1124
3 106
3 1052
3 1030
3 1012
2 956
2 9236
2 88032
2 876
2 864
2 824
2 8224
2 81936
2 81928
2 8192
2 808
2 768
2 765
2 748
2 744
2 732
2 705
2 700
2 684
2 675
2 65612
2 65584
2 653
2 652
2 64000
2 640
2 587
2 585
2 569
2 542
2 524364
2 522
2 480
2 464
2 4520
2 452
2 4508
2 4112
2 40008
2 400
2 388
2 381
2 373
2 360
2 356
2 348
2 341
2 321
2 3080
2 307
2 303
2 2908
2 285
2 273
2 270
2 269
2 267
2 262180
2 250
2 246
2 2376
2 235
2 221
2 218
2 2097208
2 2084
2 2064
2 2062
2 206
2 2020
2 201
2 193
2 191
2 187
2 1868
2 182
2 181
2 173
2 1724
2 165
2 16412
2 155
2 1488
2 14364
2 143
2 135
2 127
2 12320
2 123
2 12293
2 1228816
2 1220
2 1184
2 111
2 1096
2 1092
2 1088
2 1084
2 1049
2 1041
2 1020
1 984
1 9788
1 9780
1 976
1 9680
1 964
1 9533
1 952
1 948
1 946
1 941
1 936
1 9304
1 9288
1 9256
1 925
1 909
1 908
1 903
1 900
1 892
1 870
1 858
1 857
1 8556
1 854
1 8476
1 8422
1 842
1 840
1 8388
1 8376
1 8367
1 833
1 8324
1 8322
1 8320
1 8310
1 8300
1 8293
1 8284
1 8276
1 8256
1 8244
1 8241
1 8240
1 8237
1 8231
1 823
1 8229
1 8228
1 8221
1 8219
1 8217
1 8213
1 8206
1 8201
1 80148
1 8006
1 800
1 792
1 789
1 778
1 776
1 774
1 772
1 764
1 756
1 742
1 735
1 724
1 713
1 709
1 703
1 69636
1 692
1 688
1 683
1 680
1 678
1 672
1 668
1 665
1 664
1 66112
1 660
1 6584
1 657
1 656
1 65548
1 650
1 641
1 639
1 636
1 631
1 628
1 624
1 620
1 616
1 609
1 608
1 604
1 599
1 592
1 590200
1 582
1 580
1 576
1 572
1 571
1 567
1 562
1 558
1 554
1 553
1 552
1 548
1 546
1 545
1 543
1 535
1 530
1 529
1 528
1 525696
1 524300
1 515
1 513
1 512
1 506
1 504
1 500
1 4952
1 492
1 4824
1 481
1 477
1 476
1 474
1 472
1 466
1 4644
1 456
1 4547
1 450
1 444
1 441
1 4392
1 4364
1 432
1 4297
1 429
1 4278
1 418
1 4173
1 4172
1 4170
1 4169
1 4165
1 4164
1 4157
1 4148
1 4140
1 414
1 4136
1 4128
1 4123
1 4120
1 4117
1 41077
1 4096
1 40848
1 403
1 4014
1 401
1 395
1 394
1 3872
1 38448
1 382
1 3808
1 380
1 377
1 37496
1 370
1 366
1 365
1 358
1 345
1 342
1 3396
1 3373
1 337
1 335
1 334
1 333
1 331
1 330
1 32928
1 32912
1 32897
1 32888
1 32796
1 32784
1 327724
1 327712
1 327
1 326
1 3240
1 3232
1 3226
1 3215
1 3184
1 318
1 314
1 3112
1 3098
1 3088
1 3084
1 305
1 3026
1 3020
1 302
1 301
1 2976
1 297
1 295
1 293
1 291
1 290
1 2897
1 283
1 282
1 279
1 278
1 277
1 275
1 2696
1 266
1 265
1 263204
1 263
1 262
1 261
1 254
1 251
1 249
1 24664
1 24601
1 24600
1 24592
1 24330
1 2424
1 241
1 239
1 2356
1 231
1 2304
1 2296
1 2290
1 227
1 226536
1 2262
1 2192
1 219
1 2160
1 2149
1 214
1 2116
1 2112
1 2107
1 2104
1 2100
1 210
1 2097
1 2080
1 207
1 2069
1 2040
1 2039
1 2002
1 199
1 1988
1 197
1 195
1 19236
1 190
1 1880
1 1858
1 185
1 183
1 1812
1 1808
1 179
1 1721
1 1696
1 169
1 1686
1 16524
1 1648
1 16458
1 16448
1 16442
1 16404
1 16388
1 163
1 1620
1 1586
1 1548
1 154
1 1536
1 1518
1 1496
1 1494
1 1493
1 1492
1 149
1 1478
1 1470
1 147
1 1464
1 1436
1 1420
1 1416
1 1400
1 1399
1 1388
1 1383
1 137416
1 1364
1 1332
1 1328
1 1317
1 131
1 1308
1 1304
1 130
1 1288
1 1287
1 1272
1 1268
1 1257
1 1236
1 12344
1 12330
1 12304
1 1226
1 12045
1 1176
1 1172
1 1168
1 1160
1 1156
1 1148
1 1132
1 11296
1 1086
1 1072
1 107
1 1060
1 1045
1 1043
1 1039
1 1037
1 1033
1 10260
1 1016
1 1008
1 1005
End File
