size-of-object occurrences
File: objsize.d
100000 1
1001 1
100352 1
1005 1
1010 1
1016 1
1020 1
1023 1
102400 1
105 1
1064 1
1088 1
1096 1
1104 1
1112 1
1140 1
1148 1
115 1
1168 1
1176 1
1180 1
1184 1
119 1
12042 1
1208 1
1212 1
12166 1
122360 1
1248 1
127 1
1292 1
13010 1
130560 1
1310840 1
131 1
1320 1
135 1
1352 1
13872 1
1396 1
14124 1
1420 1
142 1
14336 1
1440 1
1452 1
1464 1
14680 1
1472 1
151 1
1514 1
1524 1
153 1
15360 1
1560 1
1572864 1
15856 1
16000 1
1616 1
1627 1
1628 1
16372 1
16381 1
16385 1
16507 1
1652 1
1688 1
1704 1
1768 1
1792 1
1800 1
1808 1
1896 1
19216 1
20000 1
200704 1
2012 1
2024 1
2040 1
20500 1
207 1
20800 1
2088 1
2160 1
219136 1
2240 1
225444 1
22944 1
230 1
2352 1
2359260 1
2420 1
2432 1
24880 1
254 1
26096 1
262 1
2621440 1
262152 1
2696 1
271 1
275 1
27596 1
2778 1
2856 1
28720 1
2880 1
2888 1
29638 1
3000 1
3012 1
3024 1
31350 1
316 1
3216 1
32296 1
32764 1
32767 1
3412 1
34304 1
34804 1
3496 1
3506 1
351 1
356 1
3592 1
362 1
365 1
37440 1
37632 1
3804 1
38432 1
3868 1
391 1
4036 1
408 1
40832 1
4120 1
412 1
418 1
4194304 1
4230 1
44080 1
4480 1
451 1
456 1
458752 1
460 1
4624 1
468 1
471 1
4824 1
492 1
496 1
499712 1
5012 1
5036 1
509 1
510 1
51264 1
5144 1
5156 1
5400 1
56000 1
5612 1
564 1
568 1
5760 1
580 1
594 1
600 1
610 1
6300 1
6336 1
6424 1
648 1
65544 1
66568 1
683 1
684 1
688 1
69632 1
698 1
6986 1
712 1
7192 1
732 1
748 1
752 1
7614 1
76208 1
764 1
76832 1
77 1
780 1
786504 1
79 1
8000 1
8006 1
80120 1
8193 1
820 1
821 1
824 1
82698 1
83 1
8352 1
836 1
8388608 1
84992 1
85 1
856 1
868 1
872 1
8724 1
880 1
884 1
8960 1
90 1
90112 1
928 1
94 1
94104 1
952 1
953 1
974 1
102500 2
1044 2
10624 2
1080 2
109568 2
110 2
1224 2
1228800 2
12289 2
12300 2
125 2
1256 2
128000 2
138 2
13824 2
1386 2
1458 2
1500 2
150 2
1504 2
1604 2
1664 2
170 2
174 2
1912 2
192512 2
1948 2
195 2
197 2
2000 2
228 2
238 2
24000 2
245760 2
24576 2
250 2
2592 2
270 2
2800 2
306 2
317 2
332 2
3328 2
3332 2
3584 2
3608 2
36398 2
374 2
376 2
380 2
390 2
4032 2
424 2
436 2
454 2
476 2
4808 2
488 2
514 2
58 2
612 2
62 2
64064 2
65664 2
696 2
700 2
718 2
740 2
74 2
7534 2
772 2
784 2
804 2
82 2
892 2
94208 2
942 2
976 2
99 2
1008 3
1025 3
11248 3
12000 3
12272 3
1296 3
133 3
134 3
1456 3
1498 3
161 3
1680 3
1729 3
2060 3
2080 3
212 3
2400 3
2772 3
294912 3
314 3
3528 3
4000 3
416 3
464 3
500000 3
504 3
513 3
520 3
524 3
532 3
548 3
576 3
592 3
6000 3
608 3
644 3
674 3
704 3
770 3
8104 3
812 3
840 3
8704 3
9216 3
936 3
960 3
114 4
1200 4
130 4
1369 4
14400 4
158 4
16768 4
172 4
2052 4
232 4
244 4
262140 4
2904 4
348 4
3600 4
40000 4
404 4
440 4
444 4
484 4
54 4
572 4
616 4
6400 4
64032 4
720 4
73 4
78 4
810 4
968 4
101 5
149 5
1600 5
257 5
276 5
312 5
340 5
350 5
352 5
516 5
540 5
6144 5
624 5
948 5
1040 6
1056 6
1076 6
131072 6
1450 6
152 6
392 6
588 6
660 6
67 6
70 6
716 6
81 6
86 6
1136 7
180 7
208 7
248 7
448 7
500 7
560 7
596 7
63 7
64000 7
81920 7
1000000 8
164 8
221676 8
2560 8
272 8
30260 8
344 8
528 8
59 8
69 8
75 8
896 8
220 9
2612 9
264 9
268 9
280 9
324 9
432 9
71 9
728 9
1384 10
4095 10
1028 11
1152 11
129 11
420 11
524288 11
61 11
8228 11
260 12
188 13
20480 13
57 13
744 13
126976 14
65600 14
808 14
1920 15
336 15
21060 16
224 16
262144 16
32769 16
360 16
7234120 16
1000 17
116 17
136 17
184 17
308 17
65 17
1288 18
76800 18
288 19
46 19
236 20
1310700 22
131070 22
252 22
262136 22
786408 22
917476 22
1024000 23
786420 23
2097152 24
66 25
168 28
204 29
53 29
55 30
1728 32
26 34
124 35
2048000 35
7200 35
255 36
7680 36
12288 37
1408 37
196 37
219108 37
282624 37
32820 37
3324 37
86016 37
108 38
300 38
320 38
1120 39
42 39
1284 40
284 40
636 41
372 42
5632 42
368 43
400 43
144 45
1048576 47
12604 48
27076 48
364 48
8196 48
304 49
21 50
3072 50
32768 50
40960 50
23 51
384 52
22 54
50 54
552 54
112 56
27 56
3 58
19 59
5 59
163840 61
51 61
800 61
140 64
25 65
216 67
508 67
2048 70
34 70
1564 71
7 71
47 73
4800 73
65536 78
1005972 81
176 81
39936 81
4164 81
9728 81
15 82
200 82
38912 82
45 82
1032 84
108000 85
11520 85
13808 85
23040 85
2308 85
2900 86
864 86
10240 88
396 90
672 90
29 91
11 92
49 92
480 94
31 95
1624 98
160 103
1944 104
1536 106
30 107
43 107
84 107
41 108
18 109
1400 110
104 111
5120 111
9 111
13 114
132 118
76 122
8712 124
900 127
35 130
39 131
16384 138
37 138
38 139
1280 145
156 151
33 151
120 152
16396 162
192 164
14 166
4352 166
6656 166
640 173
88 195
148 196
768 203
6 215
240 234
17 247
100 255
8192 258
56 270
4096 311
60 311
92 333
52 361
512 375
44 438
72 441
10 456
96 463
48 466
68 475
28 602
256 659
36 725
80 775
128 836
64 870
40 1008
32 1105
20 1615
1024 1941
16 2541
0 5326
2 6943
8 6984
12 7249
1 8693
24 9159
4 340645
End File
