File: same_member_id.d
1 304813
2 40125
3 11292
4 5047
5 2403
6 966
7 789
8 868
9 325
10 396
11 225
12 133
13 138
14 234
15 70
16 22
17 11
18 22
19 40
20 27
21 9
22 40
23 1
24 1
25 18
27 1
29 1
30 3
33 1
36 1
40 2
41 1
47 1
55 1
57 1
59 2
72 3
73 3
74 3
75 4
76 1
83 1
205 1
End File
File: same_param_id.d
1 24142
2 7428
3 3056
4 1846
5 1082
6 800
7 527
8 388
9 306
10 239
11 166
12 190
13 135
14 95
15 111
16 84
17 58
18 68
19 53
20 30
21 32
22 25
23 34
24 68
25 32
26 19
27 18
28 17
29 4
30 14
31 14
32 16
33 18
34 9
35 6
36 4
37 5
38 12
39 9
40 7
41 8
42 5
43 7
44 11
45 2
46 3
47 2
48 2
49 6
50 1
51 3
52 2
53 2
54 1
55 5
56 3
57 3
58 7
60 3
61 3
63 2
66 6
70 2
72 1
73 1
75 1
76 2
77 2
78 1
79 1
82 2
84 2
85 1
91 1
105 1
106 1
110 1
113 2
123 1
127 1
128 1
132 1
139 1
186 1
191 1
199 1
201 1
225 1
246 1
End File
File: same_locobj_id.d
1 52486
2 11792
3 4441
4 2279
5 1278
6 901
7 616
8 466
9 361
10 274
11 194
12 147
13 155
14 170
15 105
16 85
17 53
18 61
19 36
20 38
21 44
22 44
23 18
24 26
25 14
26 26
27 21
28 7
29 19
30 10
31 9
32 7
33 5
34 4
35 3
36 15
37 5
38 7
39 1
40 6
41 3
42 2
43 3
44 5
45 2
46 3
47 4
48 2
49 2
50 3
52 3
53 2
55 1
57 1
59 1
60 1
61 3
62 1
63 2
64 6
70 2
71 1
72 1
76 1
81 1
84 1
86 1
87 1
88 1
90 1
93 1
94 1
99 1
103 1
107 1
114 1
118 1
123 1
146 3
159 1
173 1
207 1
265 1
End File
