3422
File: sameinc.d
 1     32435     27998      7874     59200
 2      3146      2998      1039      6365
 3       468       443       286      1115
 4       189       171       117       492
 5       163       158       104       240
 6       146       145        98       114
 7        69        69        52       102
 8        32        31        30        40
 9         5         5         0         8
10         0         0         0         5
11         1         1         0         1
12         0         0         0         1
13         2         2         0         2
14         3         3         0         2
15         1         1         0         2
22        38        38        39        38
23         3         4         0         3
24         1         0         0         1
End File

